9|11.00|110  |  0.00|129.39|0.00|0.00|0.00
107715.00|54.00|129.41|11.00|110  |  0.00|129.41|0.00|0.00|0.00
107722.00|55.00|129.43|11.00|110  |  0.00|129.43|0.00|0.00|0.00
107787.00|56.00|129.47|11.00|110  |  0.00|129.47|0.00|0.00|0.00
107941.00|56.00|129.51|11.00|110  |  0.00|129.51|0.00|0.00|0.00
107950.00|56.00|129.56|11.00|110  |  0.00|129.56|0.00|0.00|0.00
108013.00|56.00|129.64|11.00|110  |  0.00|129.64|0.00|0.00|0.00
108169.00|56.00|129.77|11.00|110  |  0.00|129.77|0.00|0.00|0.00
108177.00|57.00|129.89|11.00|110  |  0.00|129.89|0.00|0.00|0.00
108241.00|57.00|130.02|11.00|110  |  0.00|130.02|0.00|0.00|0.00
108396.00|57.00|130.10|11.00|110  |  0.00|130.10|0.00|0.00|0.00
108404.00|56.00|130.18|11.00|110  |  0.00|130.18|0.00|0.00|0.00
108469.00|56.00|130.19|11.00|110  |  0.00|130.19|0.00|0.00|0.00
108624.00|56.00|130.16|11.00|110  |  0.00|130.16|0.00|0.00|0.00
108633.00|57.00|130.12|11.00|110  |  0.00|130.12|0.00|0.00|0.00
108696.00|56.00|130.11|11.00|110  |  0.00|130.11|0.00|0.00|0.00
108852.00|56.00|130.12|11.00|110  |  0.00|130.12|0.00|0.00|0.00
108860.00|56.00|130.13|11.00|110  |  0.00|130.13|0.00|0.00|0.00
108923.00|56.00|130.12|11.00|110  |  0.00|130.12|0.00|0.00|0.00
109079.00|57.00|130.07|11.00|110  |  0.00|130.07|0.00|0.00|0.00
109086.00|57.00|129.97|11.00|110  |  0.00|129.97|0.00|0.00|0.00
109151.00|57.00|129.88|11.00|110  |  0.00|129.88|0.00|0.00|0.00
109306.00|57.00|129.75|11.00|110  |  0.00|129.75|0.00|0.00|0.00
109314.00|57.00|129.67|11.00|110  |  0.00|129.67|0.00|0.00|0.00
109378.00|58.00|129.53|11.00|110  |  0.00|129.53|0.00|0.00|0.00
109534.00|57.00|129.43|11.00|110  |  0.00|129.43|0.00|0.00|0.00
109542.00|56.00|129.34|11.00|110  |  0.00|129.34|0.00|0.00|0.00
109605.00|56.00|129.27|11.00|110  |  0.00|129.27|0.00|0.00|0.00
109761.00|56.00|129.22|11.00|110  |  0.00|129.22|0.00|0.00|0.00
109769.00|55.00|129.17|11.00|110  |  0.00|129.17|0.00|0.00|0.00
109834.00|56.00|129.16|11.00|110  |  0.00|129.16|0.00|0.00|0.00
109988.00|56.00|129.17|11.00|110  |  0.00|129.17|0.00|0.00|0.00
109997.00|57.00|129.18|11.00|110  |  0.00|129.18|0.00|0.00|0.00
110061.00|57.00|129.20|11.00|110  |  0.00|129.20|0.00|0.00|0.00
110217.00|57.00|129.20|11.00|110  |  0.00|129.20|0.00|0.00|0.00
110224.00|57.00|129.17|11.00|110  |  0.00|129.17|0.00|0.00|0.00
110288.00|58.00|129.13|11.00|110  |  0.00|129.13|0.00|0.00|0.00
110444.00|57.00|129.06|11.00|110  |  0.00|129.06|0.00|0.00|0.00
110451.00|58.00|129.01|11.00|110  |  0.00|129.01|0.00|0.00|0.00
110516.00|58.00|128.97|11.00|110  |  0.00|128.97|0.00|0.00|0.00
110671.00|58.00|129.02|11.00|110  |  0.00|129.02|0.00|0.00|0.00
110679.00|59.00|129.07|11.00|110  |  0.00|129.07|0.00|0.00|0.00
110742.00|58.00|129.14|11.00|110  |  0.00|129.14|0.00|0.00|0.00
110898.00|58.00|129.25|11.00|110  |  0.00|129.25|0.00|0.00|0.00
110906.00|59.00|129.36|11.00|110  |  0.00|129.36|0.00|0.00|0.00
110969.00|59.00|129.43|11.00|110  |  0.00|129.43|0.00|0.00|0.00
111125.00|59.00|129.49|11.00|110  |  0.00|129.49|0.00|0.00|0.00
111133.00|59.00|129.54|11.00|110  |  0.00|129.54|0.00|0.00|0.00
111198.00|59.00|129.61|11.00|110  |  0.00|129.61|0.00|0.00|0.00
111352.00|58.00|129.68|11.00|110  |  0.00|129.68|0.00|0.00|0.00
111361.00|58.00|129.76|11.00|110  |  0.00|129.76|0.00|0.00|0.00
111424.00|57.00|129.81|11.00|110  |  0.00|129.81|0.00|0.00|0.00
111580.00|57.00|129.91|11.00|110  |  0.00|129.91|0.00|0.00|0.00
111588.00|56.00|130.00|11.00|110  |  0.00|130.00|0.00|0.00|0.00
111651.00|56.00|130.19|11.00|110  |  0.00|130.19|0.00|0.00|0.00
111807.00|56.00|130.41|11.00|110  |  0.00|130.41|0.00|0.00|0.00
111815.00|56.00|130.63|11.00|110  |  0.00|130.63|0.00|0.00|0.00
111880.00|56.00|130.83|11.00|110  |  0.00|130.83|0.00|0.00|0.00
112034.00|57.00|131.03|11.00|110  |  0.00|131.03|0.00|0.00|0.00
112043.00|56.00|131.24|11.00|110  |  0.00|131.24|0.00|0.00|0.00
112106.00|56.00|131.49|11.00|110  |  0.00|131.49|0.00|0.00|0.00
112262.00|56.00|131.75|11.00|110  |  0.00|131.75|0.00|0.00|0.00
112270.00|56.00|132.01|11.00|110  |  0.00|132.01|0.00|0.00|0.00
112333.00|56.00|132.27|11.00|110  |  0.00|132.27|0.00|0.00|0.00
112489.00|56.00|132.54|11.00|110  |  0.00|132.54|0.00|0.00|0.00
112497.00|56.00|132.80|11.00|110  |  0.00|132.80|0.00|0.00|0.00
112561.00|57.00|132.94|11.00|110  |  0.00|132.94|0.00|0.00|0.00
112716.00|57.00|133.03|11.00|110  |  0.00|133.03|0.00|0.00|0.00
112724.00|57.00|133.12|11.00|110  |  0.00|133.12|0.00|0.00|0.00
112789.00|58.00|133.29|11.00|110  |  0.00|133.29|0.00|0.00|0.00
112944.00|58.00|133.42|11.00|110  |  0.00|133.42|0.00|0.00|0.00
112952.00|57.00|133.56|11.00|110  |  0.00|133.56|0.00|0.00|0.00
113016.00|57.00|133.67|11.00|110  |  0.00|133.67|0.00|0.00|0.00
113171.00|57.00|133.75|11.00|110  |  0.00|133.75|0.00|0.00|0.00
113179.00|57.00|133.83|11.00|110  |  0.00|133.83|0.00|0.00|0.00
113244.00|57.00|133.86|11.00|110  |  0.00|133.86|0.00|0.00|0.00
113398.00|56.00|133.84|11.00|110  |  0.00|133.84|0.00|0.00|0.00
113406.00|56.00|133.82|11.00|110  |  0.00|133.82|0.00|0.00|0.00
113470.00|56.00|133.81|11.00|110  |  0.00|133.81|0.00|0.00|0.00
113626.00|56.00|133.80|11.00|110  |  0.00|133.80|0.00|0.00|0.00
113633.00|55.00|133.79|11.00|110  |  0.00|133.79|0.00|0.00|0.00
113697.00|55.00|133.78|11.00|110  |  0.00|133.78|0.00|0.00|0.00
113852.00|55.00|133.74|11.00|110  |  0.00|133.74|0.00|0.00|0.00
113860.00|57.00|133.71|11.00|110  |  0.00|133.71|0.00|0.00|0.00
113924.00|57.00|133.63|11.00|110  |  0.00|133.63|0.00|0.00|0.00
114079.00|57.00|133.57|11.00|110  |  0.00|133.57|0.00|0.00|0.00
114086.00|58.00|133.52|11.00|110  |  0.00|133.52|0.00|0.00|0.00
114151.00|58.00|133.55|11.00|110  |  0.00|133.55|0.00|0.00|0.00
114306.00|58.00|133.63|11.00|110  |  0.00|133.63|0.00|0.00|0.00
114314.00|58.00|133.71|11.00|110  |  0.00|133.71|0.00|0.00|0.00
114377.00|57.00|133.77|11.00|110  |  0.00|133.77|0.00|0.00|0.00
114533.00|57.00|133.79|11.00|110  |  0.00|133.79|0.00|0.00|0.00
114540.00|57.00|133.81|11.00|110  |  0.00|133.81|0.00|0.00|0.00
114605.00|57.00|133.77|11.00|110  |  0.00|133.77|0.00|0.00|0.00
114760.00|56.00|133.62|11.00|110  |  0.00|133.62|0.00|0.00|0.00
114767.00|56.00|133.47|11.00|110  |  0.00|133.47|0.00|0.00|0.00
114832.00|56.00|133.37|11.00|110  |  0.00|133.37|0.00|0.00|0.00
114988.00|56.00|133.33|11.00|110  |  0.00|133.33|0.00|0.00|0.00
114995.00|55.00|133.29|11.00|110  |  0.00|133.29|0.00|0.00|0.00
115058.00|54.00|133.28|11.00|110  |  0.00|133.28|0.00|0.00|0.00
115214.00|54.00|133.34|11.00|110  |  0.00|133.34|0.00|0.00|0.00
115222.00|55.00|133.38|11.00|110  |  0.00|133.38|0.00|0.00|0.00
115286.00|55.00|133.38|11.00|110  |  0.00|133.38|0.00|0.00|0.00
115441.00|55.00|133.24|11.00|110  |  0.00|133.24|0.00|0.00|0.00
115449.00|55.00|133.13|11.00|110  |  0.00|133.13|0.00|0.00|0.00
115513.00|56.00|132.92|11.00|110  |  0.00|132.92|0.00|0.00|0.00
115668.00|56.00|132.75|11.00|110  |  0.00|132.75|0.00|0.00|0.00
115677.00|57.00|132.57|11.00|110  |  0.00|132.57|0.00|0.00|0.00
115740.00|58.00|132.47|11.00|110  |  0.00|132.47|0.00|0.00|0.00
115896.00|58.00|132.46|11.00|110  |  0.00|132.46|0.00|0.00|0.00
115903.00|59.00|132.44|11.00|110  |  0.00|132.44|0.00|0.00|0.00
115968.00|59.00|132.46|11.00|110  |  0.00|132.46|0.00|0.00|0.00
116123.00|59.00|132.53|11.00|110  |  0.00|132.53|0.00|0.00|0.00
116130.00|58.00|132.59|11.00|110  |  0.00|132.59|0.00|0.00|0.00
116195.00|58.00|132.67|11.00|110  |  0.00|132.67|0.00|0.00|0.00
116349.00|57.00|132.66|11.00|110  |  0.00|132.66|0.00|0.00|0.00
116358.00|57.00|132.63|11.00|110  |  0.00|132.63|0.00|0.00|0.00
116421.00|57.00|132.58|11.00|110  |  0.00|132.58|0.00|0.00|0.00
116577.00|57.00|132.61|11.00|110  |  0.00|132.61|0.00|0.00|0.00
116586.00|57.00|132.66|11.00|110  |  0.00|132.66|0.00|0.00|0.00
116649.00|58.00|132.80|11.00|110  |  0.00|132.80|0.00|0.00|0.00
116805.00|58.00|132.98|11.00|110  |  0.00|132.98|0.00|0.00|0.00
116812.00|58.00|133.15|11.00|110  |  0.00|133.15|0.00|0.00|0.00
116877.00|58.00|133.32|11.00|110  |  0.00|133.32|0.00|0.00|0.00
117031.00|57.00|133.51|11.00|110  |  0.00|133.51|0.00|0.00|0.00
117040.00|57.00|133.71|11.00|110  |  0.00|133.71|0.00|0.00|0.00
117104.00|57.00|133.82|11.00|110  |  0.00|133.82|0.00|0.00|0.00
117259.00|57.00|134.13|11.00|110  |  0.00|134.13|0.00|0.00|0.00
117267.00|56.00|134.44|11.00|110  |  0.00|134.44|0.00|0.00|0.00
117330.00|56.00|135.11|11.00|110  |  0.00|135.11|0.00|0.00|0.00
117486.00|56.00|135.80|11.00|110  |  0.00|135.80|0.00|0.00|0.00
117494.00|56.00|136.49|11.00|110  |  0.00|136.49|0.00|0.00|0.00
117558.00|56.00|136.82|11.00|110  |  0.00|136.82|0.00|0.00|0.00
117713.00|56.00|137.14|11.00|110  |  0.00|137.14|0.00|0.00|0.00
117721.00|57.00|137.46|11.00|110  |  0.00|137.46|0.00|0.00|0.00
117785.00|57.00|138.08|11.00|110  |  0.00|138.08|0.00|0.00|0.00
117941.00|57.00|138.64|11.00|110  |  0.00|138.64|0.00|0.00|0.00
117948.00|57.00|139.20|11.00|110  |  0.00|139.20|0.00|0.00|0.00
118012.00|58.00|139.66|11.00|110  |  0.00|139.66|0.00|0.00|0.00
118168.00|57.00|140.02|11.00|110  |  0.00|140.02|0.00|0.00|0.00
118175.00|57.00|140.38|11.00|110  |  0.00|140.38|0.00|0.00|0.00
118240.00|56.00|140.65|11.00|110  |  0.00|140.65|0.00|0.00|0.00
118394.00|55.00|140.78|11.00|110  |  0.00|140.78|0.00|0.00|0.00
118403.00|55.00|140.92|11.00|110  |  0.00|140.92|0.00|0.00|0.00
118467.00|56.00|140.74|11.00|110  |  0.00|140.74|0.00|0.00|0.00
118622.00|56.00|140.21|11.00|110  |  0.00|140.21|0.00|0.00|0.00
118630.00|56.00|139.67|11.00|110  |  0.00|139.67|0.00|0.00|0.00
118693.00|57.00|139.35|11.00|110  |  0.00|139.35|0.00|0.00|0.00
118849.00|57.00|138.86|11.00|110  |  0.00|138.86|0.00|0.00|0.00
118857.00|57.00|138.37|11.00|110  |  0.00|138.37|0.00|0.00|0.00
118922.00|58.00|137.52|11.00|110  |  0.00|137.52|0.00|0.00|0.00
119076.00|58.00|136.72|11.00|110  |  0.00|136.72|0.00|0.00|0.00
119085.00|57.00|135.92|11.00|110  |  0.00|135.92|0.00|0.00|0.00
119149.00|57.00|135.07|11.00|110  |  0.00|135.07|0.00|0.00|0.00
119304.00|56.00|134.26|11.00|110  |  0.00|134.26|0.00|0.00|0.00
119312.00|56.00|133.44|11.00|110  |  0.00|133.44|0.00|0.00|0.00
119376.00|56.00|132.78|11.00|110  |  0.00|132.78|0.00|0.00|0.00
119531.00|56.00|132.28|11.00|110  |  0.00|132.28|0.00|0.00|0.00
119539.00|56.00|131.79|11.00|110  |  0.00|131.79|0.00|0.00|0.00
119603.00|56.00|131.39|11.00|110  |  0.00|131.39|0.00|0.00|0.00
119758.00|57.00|131.08|11.00|110  |  0.00|131.08|0.00|0.00|0.00
119767.00|58.00|130.77|11.00|110  |  0.00|130.77|0.00|0.00|0.00
119830.00|58.00|130.62|11.00|110  |  0.00|130.62|0.00|0.00|0.00
119986.00|57.00|130.54|11.00|110  |  0.00|130.54|0.00|0.00|0.00
119994.00|57.00|130.46|11.00|110  |  0.00|130.46|0.00|0.00|0.00
120057.00|57.00|130.49|11.00|110  |  0.00|130.49|0.00|0.00|0.00
120213.00|57.00|130.58|11.00|110  |  0.00|130.58|0.00|0.00|0.00
120221.00|56.00|130.73|11.00|110  |  0.00|130.73|0.00|0.00|0.00
120286.00|56.00|130.78|11.00|110  |  0.00|130.78|0.00|0.00|0.00
120440.00|56.00|130.99|11.00|110  |  0.00|130.99|0.00|0.00|0.00
120448.00|57.00|131.15|11.00|110  |  0.00|131.15|0.00|0.00|0.00
120512.00|57.00|131.55|11.00|110  |  0.00|131.55|0.00|0.00|0.00
120668.00|56.00|131.89|11.00|110  |  0.00|131.89|0.00|0.00|0.00
120675.00|56.00|132.23|11.00|110  |  0.00|132.23|0.00|0.00|0.00
120739.00|57.00|132.45|11.00|110  |  0.00|132.45|0.00|0.00|0.00
120895.00|56.00|132.66|11.00|110  |  0.00|132.66|0.00|0.00|0.00
120903.00|55.00|132.88|11.00|110  |  0.00|132.88|0.00|0.00|0.00
120968.00|55.00|132.98|11.00|110  |  0.00|132.98|0.00|0.00|0.00
121122.00|54.00|133.11|11.00|110  |  0.00|133.11|0.00|0.00|0.00
121132.00|55.00|133.24|11.00|110  |  0.00|133.24|0.00|0.00|0.00
121196.00|55.00|133.53|11.00|110  |  0.00|133.53|0.00|0.00|0.00
121351.00|54.00|133.81|11.00|110  |  0.00|133.81|0.00|0.00|0.00
121358.00|55.00|134.18|11.00|110  |  0.00|134.18|0.00|0.00|0.00
121422.00|56.00|134.38|11.00|110  |  0.00|134.38|0.00|0.00|0.00

Interrupcion del programa...
Seleccione un modo de operacion
Modo Manual {1}
Modo Automatico {2}
-------------------------
Modo: 2
Activando el modo seleccionado...
Entrando al modo automatico...
Se debe ingresar los parametros para trabajar
% Consta del 'Empuje' y 'RPS' de operacion
% para evitar problemas, evite seleccionar fuera del rango
% Empuje    :   300 gf  -   20 gf
% Rev x Seg :   75 RPS  -   30 RPS
Seleccione los valores...
Empuje: 200.00
RPS: 0.00
-------------------------
Iniciando el control PID...
146068.00|57.00|134.35|11.00|110  |  200.00|134.35|2.62|94.00|94.00
146193.00|58.00|134.00|11.00|110  |  200.00|134.00|2.63|94.40|94.40
146201.00|58.00|133.66|11.00|110  |  200.00|133.66|2.64|94.83|94.83
146273.00|58.00|133.16|13.00|110  |  200.00|133.16|2.65|95.26|95.26
146436.00|59.00|132.67|13.00|110  |  200.00|132.67|2.67|95.71|95.71
146444.00|59.00|132.19|14.00|110  |  200.00|132.19|2.69|96.15|96.15
146515.00|59.00|131.77|14.00|110  |  200.00|131.77|2.71|96.60|96.60
146678.00|57.00|132.63|15.00|110  |  200.00|132.63|2.73|97.05|97.05
146688.00|57.00|133.49|15.00|110  |  200.00|133.49|2.69|97.40|97.40
146759.00|57.00|136.07|15.00|110  |  200.00|136.07|2.66|97.75|97.75
146922.00|57.00|139.28|15.00|110  |  200.00|139.28|2.56|97.96|97.96
146929.00|57.00|144.87|16.00|110  |  200.00|144.87|2.43|98.11|98.11
147001.00|56.00|148.97|16.00|110  |  200.00|148.97|2.21|98.05|98.05
147164.00|56.00|154.10|16.00|110  |  200.00|154.10|2.04|98.08|98.08
147173.00|56.00|156.84|16.00|110  |  200.00|156.84|1.84|98.00|98.00
147245.00|55.00|162.68|16.00|110  |  200.00|162.68|1.73|98.07|98.07
147407.00|57.00|168.98|15.00|110  |  200.00|168.98|1.49|97.89|97.89
147416.00|58.00|175.28|15.00|110  |  200.00|175.28|1.24|97.64|97.64
147487.00|57.00|178.46|15.00|110  |  200.00|178.46|0.99|97.35|97.35
147650.00|58.00|181.06|15.00|110  |  200.00|181.06|0.86|97.26|97.26
147658.00|58.00|183.66|15.00|110  |  200.00|183.66|0.76|97.20|97.20
147730.00|58.00|188.74|15.00|110  |  200.00|188.74|0.65|97.12|97.12
147893.00|57.00|193.65|14.00|110  |  200.00|193.65|0.45|96.83|96.83
147901.00|55.00|198.56|14.00|110  |  200.00|198.56|0.25|96.83|96.83
147973.00|54.00|202.08|14.00|110  |  200.00|202.08|0.06|96.83|96.83
148135.00|53.00|203.67|14.00|110  |  200.00|203.67|-0.08|96.83|96.83
148145.00|52.00|205.26|14.00|110  |  200.00|205.26|-0.15|96.83|96.83
148217.00|52.00|205.42|14.00|110  |  200.00|205.42|-0.21|96.83|96.83
148381.00|52.00|203.78|14.00|110  |  200.00|203.78|-0.22|96.83|96.83
148391.00|53.00|202.14|14.00|110  |  200.00|202.14|-0.15|96.83|96.83
148464.00|53.00|199.27|14.00|110  |  200.00|199.27|-0.09|96.83|96.83
148628.00|53.00|196.11|14.00|110  |  200.00|196.11|0.03|96.83|96.83
148636.00|53.00|192.94|14.00|110  |  200.00|192.94|0.16|96.83|96.83
148708.00|53.00|191.34|14.00|110  |  200.00|191.34|0.28|96.58|96.58
148871.00|53.00|189.64|14.00|110  |  200.00|189.64|0.35|96.74|96.74
148880.00|52.00|187.94|14.00|110  |  200.00|187.94|0.41|96.93|96.93
148952.00|52.00|185.16|15.00|110  |  200.00|185.16|0.48|97.12|97.12
149114.00|52.00|183.11|15.00|110  |  200.00|183.11|0.59|97.40|97.40
149124.00|52.00|181.06|15.00|110  |  200.00|181.06|0.68|97.65|97.65
149195.00|52.00|179.20|15.00|110  |  200.00|179.20|0.76|97.91|97.91
149358.00|52.00|177.42|16.00|110  |  200.00|177.42|0.83|98.17|98.17
149367.00|53.00|175.65|16.00|110  |  200.00|175.65|0.90|98.43|98.43
149439.00|53.00|174.04|16.00|110  |  200.00|174.04|0.97|98.70|98.70
149602.00|53.00|173.16|16.00|110  |  200.00|173.16|1.04|98.97|98.97
149610.00|53.00|172.29|17.00|110  |  200.00|172.29|1.07|99.20|99.20
149682.00|54.00|172.33|17.00|110  |  200.00|172.33|1.11|99.43|99.43
149843.00|53.00|172.76|17.00|110  |  200.00|172.76|1.11|99.60|99.60
149853.00|53.00|173.90|17.00|110  |  200.00|173.90|1.09|99.73|99.73
149924.00|53.00|174.84|17.00|110  |  200.00|174.84|1.04|99.81|99.81
150087.00|53.00|176.61|17.00|110  |  200.00|176.61|1.01|99.90|99.90
150095.00|54.00|177.68|17.00|110  |  200.00|177.68|0.94|99.92|99.92
150167.00|54.00|179.81|17.00|110  |  200.00|179.81|0.89|99.98|99.98
150330.00|53.00|181.98|17.00|110  |  200.00|181.98|0.81|99.96|99.96
150339.00|54.00|184.15|17.00|110  |  200.00|184.15|0.72|99.92|99.92
150411.00|55.00|185.26|17.00|110  |  200.00|185.26|0.63|99.86|99.86
150574.00|55.00|186.41|17.00|110  |  200.00|186.41|0.59|99.87|99.87
150583.00|55.00|187.55|17.00|110  |  200.00|187.55|0.54|99.88|99.88
150656.00|54.00|189.86|17.00|110  |  200.00|189.86|0.50|99.87|99.87
150817.00|54.00|192.17|17.00|110  |  200.00|192.17|0.41|99.77|99.77
150827.00|53.00|194.49|17.00|110  |  200.00|194.49|0.31|99.66|99.66
150898.00|54.00|196.89|17.00|110  |  200.00|196.89|0.22|99.66|99.66
151061.00|53.00|199.45|17.00|110  |  200.00|199.45|0.12|99.66|99.66
151070.00|52.00|202.00|17.00|110  |  200.00|202.00|0.02|99.66|99.66
151142.00|51.00|204.56|17.00|110  |  200.00|204.56|-0.08|99.66|99.66
151306.00|50.00|206.60|17.00|110  |  200.00|206.60|-0.18|99.66|99.66
151316.00|50.00|208.63|17.00|110  |  200.00|208.63|-0.26|99.66|99.66
151389.00|51.00|209.85|16.00|110  |  200.00|209.85|-0.35|98.46|98.46
151553.00|49.00|210.68|16.00|110  |  200.00|210.68|-0.39|98.31|98.31
151562.00|49.00|211.51|16.00|110  |  200.00|211.51|-0.43|98.19|98.19
151634.00|50.00|211.90|16.00|110  |  200.00|211.90|-0.46|98.06|98.06
151798.00|51.00|212.21|15.00|110  |  200.00|212.21|-0.48|97.96|97.96
151806.00|51.00|212.52|15.00|110  |  200.00|212.52|-0.49|97.86|97.86
151879.00|52.00|213.12|15.00|110  |  200.00|213.12|-0.50|97.77|97.77
152043.00|51.00|213.72|15.00|110  |  200.00|213.72|-0.52|97.64|97.64
152053.00|52.00|214.31|15.00|110  |  200.00|214.31|-0.55|97.52|97.52
152126.00|53.00|214.93|15.00|110  |  200.00|214.93|-0.57|97.39|97.39
152290.00|53.00|215.46|15.00|110  |  200.00|215.46|-0.60|97.25|97.25
152298.00|52.00|215.98|15.00|110  |  200.00|215.98|-0.62|97.12|97.12
152371.00|52.00|216.32|14.00|110  |  200.00|216.32|-0.64|96.99|96.99
152535.00|51.00|216.47|14.00|110  |  200.00|216.47|-0.65|96.86|96.86
152545.00|51.00|216.62|14.00|110  |  200.00|216.62|-0.66|96.75|96.75
152617.00|51.00|216.02|14.00|110  |  200.00|216.02|-0.66|96.64|96.64
152781.00|50.00|213.59|14.00|110  |  200.00|213.59|-0.64|96.59|96.59
152791.00|52.00|211.15|14.00|110  |  200.00|211.15|-0.54|96.67|96.67
152864.00|52.00|209.35|14.00|110  |  200.00|209.35|-0.45|96.77|96.77
153027.00|51.00|207.59|14.00|110  |  200.00|207.59|-0.37|96.84|96.84
153038.00|52.00|205.84|14.00|110  |  200.00|205.84|-0.30|96.92|96.92
153111.00|52.00|202.39|14.00|110  |  200.00|202.39|-0.23|96.92|96.92
153274.00|52.00|199.03|14.00|110  |  200.00|199.03|-0.10|96.92|96.92
153284.00|52.00|195.66|14.00|110  |  200.00|195.66|0.04|96.92|96.92
153356.00|52.00|192.33|14.00|110  |  200.00|192.33|0.17|96.92|96.92
153519.00|52.00|188.98|16.00|110  |  200.00|188.98|0.31|98.03|98.03
153527.00|52.00|185.64|16.00|110  |  200.00|185.64|0.44|98.33|98.33
153598.00|52.00|182.32|16.00|110  |  200.00|182.32|0.57|98.66|98.66
153761.00|52.00|179.08|16.00|110  |  200.00|179.08|0.71|99.00|99.00
153771.00|52.00|175.83|17.00|110  |  200.00|175.83|0.84|99.35|99.35
153842.00|52.00|172.70|17.00|110  |  200.00|172.70|0.97|99.72|99.72
154005.00|53.00|171.07|18.00|110  |  200.00|171.07|1.09|100.11|100.11
154016.00|53.00|169.44|18.00|110  |  200.00|169.44|1.16|100.40|100.40
154090.00|54.00|169.36|18.00|110  |  200.00|169.36|1.22|100.70|100.70
154255.00|53.00|170.88|18.00|110  |  200.00|170.88|1.23|100.90|100.90
154266.00|53.00|172.41|18.00|110  |  200.00|172.41|1.16|100.97|100.97
154340.00|52.00|175.89|19.00|110  |  200.00|175.89|1.10|101.03|101.03
154505.00|52.00|179.41|18.00|110  |  200.00|179.41|0.96|100.93|100.93
154516.00|50.00|182.93|18.00|110  |  200.00|182.93|0.82|100.81|100.81
154590.00|49.00|186.15|18.00|110  |  200.00|186.15|0.68|100.67|100.67
154755.00|48.00|189.43|18.00|110  |  200.00|189.43|0.55|100.53|100.53
154765.00|47.00|194.04|18.00|110  |  200.00|194.04|0.42|100.37|100.37
154839.00|47.00|196.99|18.00|110  |  200.00|196.99|0.24|100.37|100.37
155003.00|48.00|199.35|18.00|110  |  200.00|199.35|0.12|100.37|100.37
155015.00|49.00|200.38|18.00|110  |  200.00|200.38|0.03|100.37|100.37
155088.00|49.00|202.33|18.00|110  |  200.00|202.33|-0.02|100.37|100.37
155254.00|50.00|204.04|18.00|110  |  200.00|204.04|-0.09|100.37|100.37
155266.00|50.00|205.76|18.00|110  |  200.00|205.76|-0.16|100.37|100.37
155341.00|51.00|206.42|18.00|110  |  200.00|206.42|-0.23|100.37|100.37
155506.00|50.00|205.70|18.00|110  |  200.00|205.70|-0.26|100.37|100.37
155520.00|50.00|203.89|18.00|110  |  200.00|203.89|-0.23|100.37|100.37
155594.00|48.00|202.21|18.00|110  |  200.00|202.21|-0.16|100.37|100.37
155760.00|50.00|200.39|18.00|110  |  200.00|200.39|-0.09|100.37|100.37
155772.00|49.00|199.64|18.00|110  |  200.00|199.64|-0.02|100.37|100.37
155847.00|49.00|197.98|18.00|110  |  200.00|197.98|0.01|100.37|100.37
156012.00|48.00|196.12|18.00|110  |  200.00|196.12|0.08|100.37|100.37
156022.00|48.00|194.26|18.00|110  |  200.00|194.26|0.16|100.37|100.37
156096.00|46.00|192.62|18.00|110  |  200.00|192.62|0.23|100.37|100.37
156261.00|46.00|191.53|18.00|110  |  200.00|191.53|0.30|100.19|100.19
156273.00|45.00|190.10|18.00|110  |  200.00|190.10|0.34|100.32|100.32
156347.00|45.00|189.37|18.00|110  |  200.00|189.37|0.40|100.48|100.48
156512.00|45.00|188.80|18.00|110  |  200.00|188.80|0.43|100.59|100.59
156521.00|45.00|188.55|18.00|110  |  200.00|188.55|0.45|100.70|100.70
156596.00|46.00|188.10|18.00|110  |  200.00|188.10|0.46|100.79|100.79
156760.00|50.00|187.69|18.00|110  |  200.00|187.69|0.48|100.89|100.89
156770.00|50.00|187.28|18.00|110  |  200.00|187.28|0.49|101.00|101.00
156844.00|51.00|186.91|19.00|110  |  200.00|186.91|0.51|101.11|101.11
157008.00|52.00|186.68|19.00|110  |  200.00|186.68|0.52|101.21|101.21
157019.00|52.00|186.45|19.00|110  |  200.00|186.45|0.53|101.31|101.31
157092.00|52.00|186.55|19.00|110  |  200.00|186.55|0.54|101.41|101.41
157257.00|50.00|186.93|19.00|110  |  200.00|186.93|0.54|101.48|101.48
157268.00|48.00|187.32|19.00|110  |  200.00|187.32|0.52|101.54|101.54
157342.00|48.00|187.81|19.00|110  |  200.00|187.81|0.51|101.59|101.59
157507.00|47.00|188.31|19.00|110  |  200.00|188.31|0.49|101.63|101.63
157519.00|46.00|188.82|19.00|110  |  200.00|188.82|0.47|101.66|101.66
157593.00|45.00|189.32|19.00|110  |  200.00|189.32|0.45|101.70|101.70
157758.00|45.00|189.83|19.00|110  |  200.00|189.83|0.43|101.73|101.73
157769.00|47.00|190.33|19.00|110  |  200.00|190.33|0.41|101.75|101.75
157843.00|46.00|190.87|19.00|110  |  200.00|190.87|0.39|101.78|101.78
158008.00|46.00|191.51|19.00|110  |  200.00|191.51|0.37|101.80|101.80
158018.00|46.00|192.16|19.00|110  |  200.00|192.16|0.34|101.80|101.80
158092.00|46.00|192.90|19.00|110  |  200.00|192.90|0.31|101.81|101.81
158257.00|46.00|193.54|19.00|110  |  200.00|193.54|0.28|101.80|101.80
158266.00|46.00|194.18|19.00|110  |  200.00|194.18|0.26|101.80|101.80
158341.00|46.00|194.45|19.00|110  |  200.00|194.45|0.23|101.80|101.80
158504.00|46.00|194.52|19.00|110  |  200.00|194.52|0.22|101.80|101.80
158515.00|47.00|194.59|19.00|110  |  200.00|194.59|0.22|101.80|101.80
158588.00|48.00|194.71|19.00|110  |  200.00|194.71|0.22|101.80|101.80
158753.00|48.00|194.83|19.00|110  |  200.00|194.83|0.21|101.80|101.80
158764.00|49.00|194.95|19.00|110  |  200.00|194.95|0.21|101.80|101.80
158837.00|48.00|195.06|19.00|110  |  200.00|195.06|0.20|101.80|101.80
159002.00|46.00|195.12|19.00|110  |  200.00|195.12|0.20|101.80|101.80
159012.00|47.00|195.25|19.00|110  |  200.00|195.25|0.20|101.80|101.80
159086.00|46.00|195.31|19.00|110  |  200.00|195.31|0.19|101.80|101.80
159251.00|44.00|195.44|19.00|110  |  200.00|195.44|0.19|101.80|101.80
159262.00|44.00|195.50|19.00|110  |  200.00|195.50|0.18|101.80|101.80
159336.00|44.00|195.62|19.00|110  |  200.00|195.62|0.18|101.80|101.80
159501.00|46.00|195.62|19.00|110  |  200.00|195.62|0.18|101.80|101.80
159512.00|46.00|195.63|19.00|110  |  200.00|195.63|0.18|101.80|101.80
159586.00|46.00|195.54|19.00|110  |  200.00|195.54|0.17|101.80|101.80
159751.00|46.00|195.46|19.00|110  |  200.00|195.46|0.18|101.80|101.80
159762.00|48.00|195.37|19.00|110  |  200.00|195.37|0.18|101.80|101.80
159836.00|47.00|195.33|19.00|110  |  200.00|195.33|0.19|101.80|101.80
160000.00|47.00|195.30|19.00|110  |  200.00|195.30|0.19|101.80|101.80
160011.00|46.00|195.28|19.00|110  |  200.00|195.28|0.19|101.80|101.80
160084.00|48.00|195.22|19.00|110  |  200.00|195.22|0.19|101.80|101.80
160249.00|47.00|195.15|19.00|110  |  200.00|195.15|0.19|101.80|101.80
160260.00|47.00|195.08|19.00|110  |  200.00|195.08|0.19|101.80|101.80
160333.00|46.00|195.01|19.00|110  |  200.00|195.01|0.20|101.80|101.80
160498.00|46.00|194.96|19.00|110  |  200.00|194.96|0.20|101.80|101.80
160508.00|47.00|194.91|19.00|110  |  200.00|194.91|0.20|101.80|101.80
160582.00|47.00|194.90|19.00|110  |  200.00|194.90|0.20|101.80|101.80
160747.00|45.00|194.90|19.00|110  |  200.00|194.90|0.20|101.80|101.80
160757.00|46.00|194.91|19.00|110  |  200.00|194.91|0.20|101.80|101.80
160831.00|46.00|194.91|19.00|110  |  200.00|194.91|0.20|101.80|101.80
160996.00|46.00|194.92|19.00|110  |  200.00|194.92|0.20|101.80|101.80
161006.00|45.00|194.92|19.00|110  |  200.00|194.92|0.20|101.80|101.80
161080.00|46.00|194.91|19.00|110  |  200.00|194.91|0.20|101.80|101.80
161245.00|45.00|194.91|19.00|110  |  200.00|194.91|0.20|101.80|101.80
161256.00|45.00|194.91|19.00|110  |  200.00|194.91|0.20|101.80|101.80
161330.00|45.00|194.92|19.00|110  |  200.00|194.92|0.20|101.80|101.80
161494.00|45.00|194.93|19.00|110  |  200.00|194.93|0.20|101.80|101.80
161505.00|45.00|194.95|19.00|110  |  200.00|194.95|0.20|101.80|101.80
161579.00|46.00|194.96|19.00|110  |  200.00|194.96|0.20|101.80|101.80
161743.00|46.00|194.98|19.00|110  |  200.00|194.98|0.20|101.80|101.80
161755.00|48.00|194.99|19.00|110  |  200.00|194.99|0.20|101.80|101.80
161828.00|48.00|195.01|19.00|110  |  200.00|195.01|0.20|101.80|101.80
161993.00|48.00|195.02|19.00|110  |  200.00|195.02|0.20|101.80|101.80
162003.00|49.00|195.02|19.00|110  |  200.00|195.02|0.20|101.80|101.80
162077.00|49.00|195.05|19.00|110  |  200.00|195.05|0.20|101.80|101.80
162242.00|48.00|195.42|19.00|110  |  200.00|195.42|0.20|101.80|101.80
162252.00|50.00|195.79|19.00|110  |  200.00|195.79|0.18|101.80|101.80
162327.00|49.00|196.48|19.00|110  |  200.00|196.48|0.17|101.80|101.80
162491.00|48.00|197.17|19.00|110  |  200.00|197.17|0.14|101.80|101.80
162502.00|47.00|198.16|19.00|110  |  200.00|198.16|0.11|101.80|101.80
162576.00|46.00|198.82|19.00|110  |  200.00|198.82|0.07|101.80|101.80
162741.00|47.00|199.32|19.00|110  |  200.00|199.32|0.05|101.80|101.80
162752.00|46.00|199.53|19.00|110  |  200.00|199.53|0.03|101.80|101.80
162826.00|46.00|199.93|19.00|110  |  200.00|199.93|0.02|101.80|101.80
162991.00|45.00|200.36|19.00|110  |  200.00|200.36|0.00|101.80|101.80
163001.00|47.00|200.78|19.00|110  |  200.00|200.78|-0.01|101.80|101.80
163076.00|48.00|201.25|19.00|110  |  200.00|201.25|-0.03|101.80|101.80
163241.00|48.00|201.71|19.00|110  |  200.00|201.71|-0.05|101.80|101.80
163255.00|47.00|202.38|19.00|110  |  200.00|202.38|-0.07|101.80|101.80
163330.00|49.00|202.80|19.00|110  |  200.00|202.80|-0.10|101.80|101.80
163495.00|49.00|202.90|19.00|110  |  200.00|202.90|-0.11|101.80|101.80
163507.00|48.00|202.79|19.00|110  |  200.00|202.79|-0.12|101.80|101.80
163582.00|47.00|202.57|19.00|110  |  200.00|202.57|-0.11|101.80|101.80
163747.00|46.00|202.33|19.00|110  |  200.00|202.33|-0.10|101.80|101.80
163760.00|47.00|202.09|19.00|110  |  200.00|202.09|-0.09|101.80|101.80
163834.00|47.00|201.88|19.00|110  |  200.00|201.88|-0.08|101.80|101.80
164000.00|45.00|201.84|19.00|110  |  200.00|201.84|-0.08|101.80|101.80
164013.00|43.00|201.83|19.00|110  |  200.00|201.83|-0.07|101.80|101.80
164087.00|45.00|201.91|19.00|110  |  200.00|201.91|-0.07|101.80|101.80
164253.00|46.00|201.97|19.00|110  |  200.00|201.97|-0.08|101.80|101.80
164265.00|46.00|201.99|19.00|110  |  200.00|201.99|-0.08|101.80|101.80
164340.00|47.00|202.00|19.00|110  |  200.00|202.00|-0.08|101.80|101.80
164505.00|45.00|201.99|19.00|110  |  200.00|201.99|-0.08|101.80|101.80
164517.00|46.00|201.97|19.00|110  |  200.00|201.97|-0.08|101.80|101.80
164592.00|48.00|201.97|19.00|110  |  200.00|201.97|-0.08|101.80|101.80
164758.00|46.00|201.97|19.00|110  |  200.00|201.97|-0.08|101.80|101.80
164769.00|46.00|201.98|19.00|110  |  200.00|201.98|-0.08|101.80|101.80
164844.00|47.00|201.98|19.00|110  |  200.00|201.98|-0.08|101.80|101.80
165010.00|45.00|202.45|19.00|110  |  200.00|202.45|-0.08|101.80|101.80
165022.00|46.00|202.92|19.00|110  |  200.00|202.92|-0.10|101.80|101.80
165097.00|44.00|203.89|19.00|110  |  200.00|203.89|-0.12|101.80|101.80
165263.00|45.00|204.65|19.00|110  |  200.00|204.65|-0.16|101.80|101.80
165275.00|46.00|205.42|19.00|110  |  200.00|205.42|-0.19|101.80|101.80
165350.00|45.00|205.86|19.00|110  |  200.00|205.86|-0.22|101.80|101.80
165516.00|45.00|206.13|19.00|110  |  200.00|206.13|-0.23|101.80|101.80
165528.00|46.00|206.40|19.00|110  |  200.00|206.40|-0.25|101.80|101.80
165603.00|48.00|206.50|19.00|110  |  200.00|206.50|-0.26|101.80|101.80
165769.00|49.00|206.55|19.00|110  |  200.00|206.55|-0.26|101.80|101.80
165781.00|49.00|206.61|19.00|110  |  200.00|206.61|-0.26|101.80|101.80
165856.00|49.00|206.70|19.00|110  |  200.00|206.70|-0.26|101.80|101.80
166022.00|49.00|206.78|19.00|110  |  200.00|206.78|-0.27|101.80|101.80
166033.00|48.00|206.85|19.00|110  |  200.00|206.85|-0.27|101.80|101.80
166108.00|47.00|206.90|19.00|110  |  200.00|206.90|-0.27|101.80|101.80
166274.00|47.00|206.91|19.00|110  |  200.00|206.91|-0.28|101.80|101.80
166285.00|48.00|206.93|19.00|110  |  200.00|206.93|-0.28|101.80|101.80
166360.00|46.00|206.93|19.00|110  |  200.00|206.93|-0.28|101.80|101.80
166525.00|45.00|206.64|19.00|110  |  200.00|206.64|-0.28|101.80|101.80
166537.00|47.00|206.34|19.00|110  |  200.00|206.34|-0.27|101.80|101.80
166612.00|48.00|205.78|19.00|110  |  200.00|205.78|-0.25|101.80|101.80
166777.00|49.00|205.42|19.00|110  |  200.00|205.42|-0.23|101.80|101.80
166791.00|50.00|205.07|19.00|110  |  200.00|205.07|-0.22|101.80|101.80
166865.00|51.00|204.94|19.00|110  |  200.00|204.94|-0.20|101.80|101.80
167031.00|51.00|204.89|19.00|110  |  200.00|204.89|-0.20|101.80|101.80
167045.00|51.00|204.84|19.00|110  |  200.00|204.84|-0.20|101.80|101.80
167119.00|50.00|204.84|19.00|110  |  200.00|204.84|-0.19|101.80|101.80
167285.00|49.00|204.87|19.00|110  |  200.00|204.87|-0.19|101.80|101.80
167298.00|48.00|204.90|19.00|110  |  200.00|204.90|-0.19|101.80|101.80
167372.00|48.00|204.94|19.00|110  |  200.00|204.94|-0.20|101.80|101.80
167538.00|47.00|205.04|19.00|110  |  200.00|205.04|-0.20|101.80|101.80
167550.00|48.00|205.14|19.00|110  |  200.00|205.14|-0.20|101.80|101.80
167625.00|48.00|205.27|19.00|110  |  200.00|205.27|-0.21|101.80|101.80
167791.00|47.00|205.22|19.00|110  |  200.00|205.22|-0.21|101.80|101.80
167802.00|48.00|205.16|19.00|110  |  200.00|205.16|-0.21|101.80|101.80
167877.00|47.00|204.86|19.00|110  |  200.00|204.86|-0.21|101.80|101.80
168043.00|46.00|204.52|19.00|110  |  200.00|204.52|-0.19|101.80|101.80
168055.00|44.00|204.19|19.00|110  |  200.00|204.19|-0.18|101.80|101.80
168130.00|44.00|203.90|19.00|110  |  200.00|203.90|-0.17|101.80|101.80
168296.00|44.00|203.85|19.00|110  |  200.00|203.85|-0.16|101.80|101.80
168307.00|45.00|203.79|19.00|110  |  200.00|203.79|-0.15|101.80|101.80
168382.00|48.00|204.03|19.00|110  |  200.00|204.03|-0.15|101.80|101.80
168548.00|49.00|204.34|19.00|110  |  200.00|204.34|-0.16|101.80|101.80
168559.00|49.00|204.65|19.00|110  |  200.00|204.65|-0.17|101.80|101.80
168634.00|48.00|204.96|19.00|110  |  200.00|204.96|-0.19|101.80|101.80
168800.00|48.00|205.20|19.00|110  |  200.00|205.20|-0.20|101.80|101.80
168810.00|49.00|205.45|19.00|110  |  200.00|205.45|-0.21|101.80|101.80
168886.00|50.00|205.64|19.00|110  |  200.00|205.64|-0.22|101.80|101.80
169051.00|47.00|205.85|19.00|110  |  200.00|205.85|-0.23|101.80|101.80
169062.00|45.00|206.06|19.00|110  |  200.00|206.06|-0.23|101.80|101.80
169137.00|47.00|206.30|19.00|110  |  200.00|206.30|-0.24|101.80|101.80
169303.00|47.00|206.50|19.00|110  |  200.00|206.50|-0.25|101.80|101.80
169315.00|47.00|206.71|19.00|110  |  200.00|206.71|-0.26|101.80|101.80
169390.00|46.00|206.89|19.00|110  |  200.00|206.89|-0.27|101.80|101.80
169555.00|46.00|206.91|19.00|110  |  200.00|206.91|-0.28|101.80|101.80
169568.00|46.00|206.93|19.00|110  |  200.00|206.93|-0.28|101.80|101.80
169643.00|48.00|206.72|19.00|110  |  200.00|206.72|-0.28|101.80|101.80
169808.00|47.00|206.47|19.00|110  |  200.00|206.47|-0.27|101.80|101.80
169821.00|49.00|206.22|19.00|110  |  200.00|206.22|-0.26|101.80|101.80
169895.00|48.00|205.99|19.00|110  |  200.00|205.99|-0.25|101.80|101.80
170061.00|48.00|205.78|19.00|110  |  200.00|205.78|-0.24|101.80|101.80
170075.00|47.00|205.57|19.00|110  |  200.00|205.57|-0.23|101.80|101.80
170149.00|47.00|205.37|19.00|110  |  200.00|205.37|-0.22|101.80|101.80
170315.00|46.00|205.17|19.00|110  |  200.00|205.17|-0.21|101.80|101.80
170328.00|45.00|204.88|19.00|110  |  200.00|204.88|-0.21|101.80|101.80
170403.00|43.00|204.69|19.00|110  |  200.00|204.69|-0.20|101.80|101.80
170568.00|43.00|204.54|19.00|110  |  200.00|204.54|-0.19|101.80|101.80
170582.00|43.00|204.49|19.00|110  |  200.00|204.49|-0.18|101.80|101.80
170656.00|43.00|204.37|19.00|110  |  200.00|204.37|-0.18|101.80|101.80
170822.00|43.00|204.24|19.00|110  |  200.00|204.24|-0.17|101.80|101.80
170834.00|44.00|204.11|19.00|110  |  200.00|204.11|-0.17|101.80|101.80
170909.00|43.00|203.99|19.00|110  |  200.00|203.99|-0.16|101.80|101.80
171075.00|45.00|203.87|19.00|110  |  200.00|203.87|-0.16|101.80|101.80
171086.00|45.00|203.67|19.00|110  |  200.00|203.67|-0.15|101.80|101.80
171161.00|45.00|203.53|19.00|110  |  200.00|203.53|-0.15|101.80|101.80
171327.00|45.00|203.42|19.00|110  |  200.00|203.42|-0.14|101.80|101.80
171339.00|44.00|203.38|19.00|110  |  200.00|203.38|-0.14|101.80|101.80
171415.00|44.00|203.31|19.00|110  |  200.00|203.31|-0.14|101.80|101.80
171580.00|45.00|203.26|19.00|110  |  200.00|203.26|-0.13|101.80|101.80
171591.00|46.00|203.21|19.00|110  |  200.00|203.21|-0.13|101.80|101.80
171666.00|47.00|203.17|19.00|110  |  200.00|203.17|-0.13|101.80|101.80
171832.00|47.00|203.13|19.00|110  |  200.00|203.13|-0.13|101.80|101.80
171842.00|48.00|203.07|19.00|110  |  200.00|203.07|-0.13|101.80|101.80
171917.00|48.00|203.02|19.00|110  |  200.00|203.02|-0.12|101.80|101.80
172083.00|50.00|203.00|19.00|110  |  200.00|203.00|-0.12|101.80|101.80
172095.00|49.00|203.01|19.00|110  |  200.00|203.01|-0.12|101.80|101.80
172170.00|46.00|203.03|19.00|110  |  200.00|203.03|-0.12|101.80|101.80
172336.00|47.00|203.05|19.00|110  |  200.00|203.05|-0.12|101.80|101.80
172349.00|45.00|203.06|19.00|110  |  200.00|203.06|-0.12|101.80|101.80
172424.00|45.00|203.05|19.00|110  |  200.00|203.05|-0.12|101.80|101.80
172590.00|44.00|203.02|19.00|110  |  200.00|203.02|-0.12|101.80|101.80
172602.00|43.00|202.98|19.00|110  |  200.00|202.98|-0.12|101.80|101.80
172677.00|43.00|202.96|19.00|110  |  200.00|202.96|-0.12|101.80|101.80
172843.00|43.00|202.96|19.00|110  |  200.00|202.96|-0.12|101.80|101.80
172855.00|45.00|202.95|19.00|110  |  200.00|202.95|-0.12|101.80|101.80
172930.00|49.00|202.92|19.00|110  |  200.00|202.92|-0.12|101.80|101.80
173095.00|49.00|202.87|19.00|110  |  200.00|202.87|-0.12|101.80|101.80
173109.00|49.00|202.82|19.00|110  |  200.00|202.82|-0.11|101.80|101.80
173184.00|49.00|202.79|19.00|110  |  200.00|202.79|-0.11|101.80|101.80
173349.00|49.00|202.76|19.00|110  |  200.00|202.76|-0.11|101.80|101.80
173362.00|49.00|202.74|19.00|110  |  200.00|202.74|-0.11|101.80|101.80
173436.00|46.00|202.73|19.00|110  |  200.00|202.73|-0.11|101.80|101.80
173602.00|46.00|202.67|19.00|110  |  200.00|202.67|-0.11|101.80|101.80
173615.00|48.00|202.61|19.00|110  |  200.00|202.61|-0.11|101.80|101.80
173689.00|49.00|202.46|19.00|110  |  200.00|202.46|-0.10|101.80|101.80
173855.00|49.00|202.30|19.00|110  |  200.00|202.30|-0.10|101.80|101.80
173867.00|48.00|202.14|19.00|110  |  200.00|202.14|-0.09|101.80|101.80
173941.00|49.00|202.06|19.00|110  |  200.00|202.06|-0.09|101.80|101.80
174107.00|50.00|202.04|19.00|110  |  200.00|202.04|-0.08|101.80|101.80
174118.00|49.00|202.02|19.00|110  |  200.00|202.02|-0.08|101.80|101.80
174193.00|45.00|202.01|19.00|110  |  200.00|202.01|-0.08|101.80|101.80
174359.00|48.00|201.99|19.00|110  |  200.00|201.99|-0.08|101.80|101.80
174370.00|48.00|201.96|19.00|110  |  200.00|201.96|-0.08|101.80|101.80
174445.00|49.00|201.92|19.00|110  |  200.00|201.92|-0.08|101.80|101.80
174611.00|50.00|201.86|19.00|110  |  200.00|201.86|-0.08|101.80|101.80
174623.00|52.00|201.80|19.00|110  |  200.00|201.80|-0.07|101.80|101.80
174698.00|52.00|201.69|19.00|110  |  200.00|201.69|-0.07|101.80|101.80
174864.00|54.00|201.59|19.00|110  |  200.00|201.59|-0.07|101.80|101.80
174876.00|51.00|201.49|19.00|110  |  200.00|201.49|-0.06|101.80|101.80
174952.00|51.00|201.44|19.00|110  |  200.00|201.44|-0.06|101.80|101.80
175117.00|53.00|201.58|19.00|110  |  200.00|201.58|-0.06|101.80|101.80
175129.00|51.00|201.73|19.00|110  |  200.00|201.73|-0.06|101.80|101.80
175205.00|51.00|202.17|19.00|110  |  200.00|202.17|-0.07|101.80|101.80
175370.00|50.00|202.72|19.00|110  |  200.00|202.72|-0.09|101.80|101.80
175383.00|51.00|203.27|19.00|110  |  200.00|203.27|-0.11|101.80|101.80
175458.00|52.00|203.80|19.00|110  |  200.00|203.80|-0.13|101.80|101.80
175624.00|51.00|204.31|19.00|110  |  200.00|204.31|-0.15|101.80|101.80
175637.00|49.00|204.82|19.00|110  |  200.00|204.82|-0.17|101.80|101.80
175712.00|49.00|205.31|19.00|110  |  200.00|205.31|-0.19|101.80|101.80
175878.00|48.00|205.81|19.00|110  |  200.00|205.81|-0.21|101.80|101.80
175889.00|50.00|206.31|19.00|110  |  200.00|206.31|-0.23|101.80|101.80
175964.00|49.00|206.82|19.00|110  |  200.00|206.82|-0.25|101.80|101.80
176130.00|47.00|207.32|19.00|110  |  200.00|207.32|-0.27|101.80|101.80
176140.00|47.00|207.81|18.00|110  |  200.00|207.81|-0.29|100.75|100.75
176216.00|48.00|208.31|18.00|110  |  200.00|208.31|-0.31|100.66|100.66
176381.00|46.00|208.66|18.00|110  |  200.00|208.66|-0.33|100.58|100.58
176395.00|47.00|209.01|18.00|110  |  200.00|209.01|-0.35|100.50|100.50
176470.00|46.00|209.07|18.00|110  |  200.00|209.07|-0.36|100.42|100.42
176635.00|46.00|208.96|18.00|110  |  200.00|208.96|-0.36|100.36|100.36
176648.00|46.00|208.75|18.00|110  |  200.00|208.75|-0.36|100.31|100.31
176722.00|45.00|208.59|18.00|110  |  200.00|208.59|-0.35|100.27|100.27
176888.00|46.00|208.44|18.00|110  |  200.00|208.44|-0.34|100.23|100.23
176901.00|47.00|208.38|18.00|110  |  200.00|208.38|-0.34|100.19|100.19
176975.00|45.00|208.27|18.00|110  |  200.00|208.27|-0.34|100.14|100.14
177141.00|44.00|208.19|18.00|110  |  200.00|208.19|-0.33|100.10|100.10
177154.00|45.00|208.10|18.00|110  |  200.00|208.10|-0.33|100.06|100.06
177229.00|46.00|208.03|18.00|110  |  200.00|208.03|-0.32|100.01|100.01
177394.00|48.00|207.93|17.00|110  |  200.00|207.93|-0.32|99.97|99.97
177403.00|45.00|207.79|17.00|110  |  200.00|207.79|-0.32|99.93|99.93
177476.00|45.00|207.68|17.00|110  |  200.00|207.68|-0.31|99.89|99.89
177640.00|45.00|206.97|17.00|110  |  200.00|206.97|-0.31|99.85|99.85
177650.00|44.00|206.31|17.00|110  |  200.00|206.31|-0.28|99.85|99.85
177723.00|44.00|203.98|17.00|110  |  200.00|203.98|-0.25|99.85|99.85
177887.00|45.00|200.28|17.00|110  |  200.00|200.28|-0.16|99.85|99.85
177895.00|45.00|196.58|17.00|110  |  200.00|196.58|-0.01|99.85|99.85
177968.00|45.00|192.51|17.00|110  |  200.00|192.51|0.14|99.85|99.85
178130.00|44.00|188.39|18.00|110  |  200.00|188.39|0.30|100.96|100.96
178141.00|44.00|184.26|19.00|110  |  200.00|184.26|0.46|101.32|101.32
178214.00|45.00|180.09|19.00|110  |  200.00|180.09|0.63|101.70|101.70
178379.00|44.00|175.89|20.00|110  |  200.00|175.89|0.80|102.11|102.11
178390.00|43.00|171.68|20.00|110  |  200.00|171.68|0.96|102.56|102.56
178463.00|44.00|167.47|21.00|110  |  200.00|167.47|1.13|103.02|103.02
178628.00|45.00|164.40|21.00|110  |  200.00|164.40|1.30|103.52|103.52
178639.00|45.00|161.33|21.00|110  |  200.00|161.33|1.42|103.95|103.95
178713.00|46.00|160.37|22.00|110  |  200.00|160.37|1.55|104.40|104.40
178878.00|46.00|160.20|22.00|110  |  200.00|160.20|1.59|104.71|104.71
178888.00|45.00|160.04|22.00|110  |  200.00|160.04|1.59|104.96|104.96
178963.00|44.00|160.26|24.00|110  |  200.00|160.26|1.60|105.22|105.22
179127.00|43.00|161.95|24.00|110  |  200.00|161.95|1.59|105.45|105.45
179140.00|41.00|163.64|24.00|110  |  200.00|163.64|1.52|105.56|105.56
179214.00|40.00|166.78|24.00|110  |  200.00|166.78|1.45|105.67|105.67
179379.00|40.00|170.56|24.00|110  |  200.00|170.56|1.33|105.65|105.65
179390.00|39.00|176.09|24.00|110  |  200.00|176.09|1.18|105.57|105.57
179464.00|39.00|179.79|24.00|110  |  200.00|179.79|0.96|105.33|105.33
179629.00|39.00|183.32|24.00|110  |  200.00|183.32|0.81|105.19|105.19
179640.00|40.00|185.12|24.00|110  |  200.00|185.12|0.67|105.05|105.05
179714.00|39.00|188.68|24.00|110  |  200.00|188.68|0.60|105.01|105.01
179878.00|39.00|192.24|22.00|110  |  200.00|192.24|0.45|104.83|104.83
179890.00|37.00|195.80|22.00|110  |  200.00|195.80|0.31|104.63|104.63
179963.00|38.00|198.11|22.00|110  |  200.00|198.11|0.17|104.63|104.63
180128.00|36.00|198.26|22.00|110  |  200.00|198.26|0.08|104.63|104.63
180141.00|39.00|198.05|22.00|110  |  200.00|198.05|0.07|104.63|104.63
180214.00|38.00|197.34|22.00|110  |  200.00|197.34|0.08|104.63|104.63
180379.00|38.00|196.99|22.00|110  |  200.00|196.99|0.11|104.63|104.63
180390.00|39.00|197.00|22.00|110  |  200.00|197.00|0.12|104.63|104.63
180465.00|40.00|196.80|22.00|110  |  200.00|196.80|0.12|104.63|104.63
180629.00|39.00|196.14|22.00|110  |  200.00|196.14|0.13|104.63|104.63
180641.00|40.00|195.48|22.00|110  |  200.00|195.48|0.15|104.63|104.63
180715.00|38.00|194.81|22.00|110  |  200.00|194.81|0.18|104.63|104.63
180880.00|37.00|194.29|22.00|110  |  200.00|194.29|0.21|104.63|104.63
180891.00|37.00|193.77|22.00|110  |  200.00|193.77|0.23|104.63|104.63
180965.00|38.00|193.23|22.00|110  |  200.00|193.23|0.25|104.63|104.63
181130.00|37.00|192.64|22.00|110  |  200.00|192.64|0.27|104.63|104.63
181141.00|35.00|192.04|22.00|110  |  200.00|192.04|0.29|104.65|104.65
181215.00|35.00|191.49|22.00|110  |  200.00|191.49|0.32|104.74|104.74
181380.00|37.00|191.12|22.00|110  |  200.00|191.12|0.34|104.83|104.83
181391.00|40.00|190.76|22.00|110  |  200.00|190.76|0.36|104.91|104.91
181465.00|39.00|190.45|22.00|110  |  200.00|190.45|0.37|104.99|104.99
181629.00|42.00|189.92|24.00|110  |  200.00|189.92|0.38|105.07|105.07
181642.00|42.00|189.39|24.00|110  |  200.00|189.39|0.40|105.17|105.17
181715.00|43.00|188.68|24.00|110  |  200.00|188.68|0.42|105.27|105.27
181880.00|42.00|188.15|24.00|110  |  200.00|188.15|0.45|105.39|105.39
181892.00|41.00|187.63|24.00|110  |  200.00|187.63|0.47|105.50|105.50
181965.00|40.00|187.28|24.00|110  |  200.00|187.28|0.49|105.61|105.61
182130.00|39.00|187.06|24.00|110  |  200.00|187.06|0.51|105.72|105.72
182141.00|36.00|186.83|24.00|110  |  200.00|186.83|0.52|105.81|105.81
182215.00|36.00|186.68|24.00|110  |  200.00|186.68|0.53|105.91|105.91
182380.00|36.00|186.59|24.00|110  |  200.00|186.59|0.53|106.00|106.00
182390.00|36.00|186.50|25.00|110  |  200.00|186.50|0.54|106.09|106.09
182464.00|35.00|186.47|25.00|110  |  200.00|186.47|0.54|106.18|106.18
182629.00|36.00|186.55|25.00|110  |  200.00|186.55|0.54|106.26|106.26
182640.00|38.00|186.62|25.00|110  |  200.00|186.62|0.54|106.34|106.34
182714.00|39.00|186.86|25.00|110  |  200.00|186.86|0.54|106.42|106.42
182879.00|40.00|187.07|25.00|110  |  200.00|187.07|0.53|106.48|106.48
182890.00|39.00|187.28|25.00|110  |  200.00|187.28|0.52|106.54|106.54
182964.00|41.00|187.33|25.00|110  |  200.00|187.33|0.51|106.61|106.61
183129.00|43.00|187.71|25.00|110  |  200.00|187.71|0.51|106.68|106.68
183140.00|41.00|188.09|25.00|110  |  200.00|188.09|0.49|106.73|106.73
183214.00|40.00|188.85|25.00|110  |  200.00|188.85|0.48|106.78|106.78
183378.00|39.00|189.61|25.00|110  |  200.00|189.61|0.45|106.79|106.79
183391.00|39.00|190.37|25.00|110  |  200.00|190.37|0.42|106.80|106.80
183465.00|39.00|191.03|25.00|110  |  200.00|191.03|0.39|106.81|106.81
183629.00|38.00|191.59|25.00|110  |  200.00|191.59|0.36|106.82|106.82
183642.00|38.00|192.14|25.00|110  |  200.00|192.14|0.34|106.83|106.83
183715.00|38.00|192.42|25.00|110  |  200.00|192.42|0.31|106.84|106.84
183880.00|37.00|192.76|25.00|110  |  200.00|192.76|0.30|106.86|106.86
183892.00|36.00|193.09|25.00|110  |  200.00|193.09|0.29|106.88|106.88
183966.00|37.00|193.74|25.00|110  |  200.00|193.74|0.28|106.88|106.88
184131.00|37.00|194.31|25.00|110  |  200.00|194.31|0.25|106.88|106.88
184143.00|38.00|194.87|25.00|110  |  200.00|194.87|0.23|106.88|106.88
184217.00|37.00|195.32|25.00|110  |  200.00|195.32|0.21|106.88|106.88
184382.00|40.00|195.77|25.00|110  |  200.00|195.77|0.19|106.88|106.88
184392.00|40.00|196.17|25.00|110  |  200.00|196.17|0.17|106.88|106.88
184466.00|40.00|196.37|25.00|110  |  200.00|196.37|0.15|106.88|106.88
184631.00|42.00|196.22|25.00|110  |  200.00|196.22|0.15|106.88|106.88
184640.00|43.00|196.13|25.00|110  |  200.00|196.13|0.15|106.88|106.88
184714.00|42.00|195.93|25.00|110  |  200.00|195.93|0.15|106.88|106.88
184879.00|42.00|196.30|25.00|110  |  200.00|196.30|0.16|106.88|106.88
184891.00|40.00|196.67|25.00|110  |  200.00|196.67|0.15|106.88|106.88
184965.00|38.00|197.44|25.00|110  |  200.00|197.44|0.13|106.88|106.88
185129.00|39.00|197.79|25.00|110  |  200.00|197.79|0.10|106.88|106.88
185141.00|36.00|198.11|25.00|110  |  200.00|198.11|0.09|106.88|106.88
185214.00|35.00|198.14|25.00|110  |  200.00|198.14|0.08|106.88|106.88
185379.00|35.00|197.94|25.00|110  |  200.00|197.94|0.07|106.88|106.88
185391.00|36.00|197.78|25.00|110  |  200.00|197.78|0.08|106.88|106.88
185464.00|39.00|197.45|25.00|110  |  200.00|197.45|0.09|106.88|106.88
185629.00|39.00|197.11|25.00|110  |  200.00|197.11|0.10|106.88|106.88
185641.00|40.00|196.77|25.00|110  |  200.00|196.77|0.12|106.88|106.88
185715.00|40.00|196.47|25.00|110  |  200.00|196.47|0.13|106.88|106.88
185880.00|40.00|196.19|25.00|110  |  200.00|196.19|0.14|106.88|106.88
185891.00|39.00|195.92|25.00|110  |  200.00|195.92|0.15|106.88|106.88
185965.00|38.00|195.66|25.00|110  |  200.00|195.66|0.16|106.88|106.88
186130.00|35.00|194.80|25.00|110  |  200.00|194.80|0.17|106.88|106.88
186141.00|35.00|193.95|25.00|110  |  200.00|193.95|0.21|106.88|106.88
186216.00|34.00|192.66|25.00|110  |  200.00|192.66|0.24|106.88|106.88
186380.00|35.00|192.05|25.00|110  |  200.00|192.05|0.29|106.94|106.94
186393.00|38.00|191.44|26.00|110  |  200.00|191.44|0.32|107.03|107.03
186467.00|39.00|191.46|26.00|110  |  200.00|191.46|0.34|107.12|107.12
186632.00|40.00|191.68|26.00|110  |  200.00|191.68|0.34|107.17|107.17
186645.00|39.00|191.90|26.00|110  |  200.00|191.90|0.33|107.21|107.21
186719.00|40.00|192.15|26.00|110  |  200.00|192.15|0.32|107.24|107.24
186884.00|40.00|192.44|26.00|110  |  200.00|192.44|0.31|107.27|107.27
186894.00|40.00|192.73|26.00|110  |  200.00|192.73|0.30|107.30|107.30
186968.00|38.00|193.02|26.00|110  |  200.00|193.02|0.29|107.32|107.32
187132.00|37.00|193.24|26.00|110  |  200.00|193.24|0.28|107.32|107.32
187143.00|38.00|193.46|26.00|110  |  200.00|193.46|0.27|107.32|107.32
187216.00|38.00|193.77|26.00|110  |  200.00|193.77|0.26|107.32|107.32
187381.00|37.00|194.50|26.00|110  |  200.00|194.50|0.25|107.32|107.32
187394.00|37.00|195.22|26.00|110  |  200.00|195.22|0.22|107.32|107.32
187467.00|37.00|196.41|26.00|110  |  200.00|196.41|0.19|107.32|107.32
187632.00|36.00|197.25|26.00|110  |  200.00|197.25|0.14|107.32|107.32
187642.00|37.00|198.08|26.00|110  |  200.00|198.08|0.11|107.32|107.32
187716.00|37.00|198.30|26.00|110  |  200.00|198.30|0.08|107.32|107.32
187881.00|37.00|198.37|26.00|110  |  200.00|198.37|0.07|107.32|107.32
187893.00|37.00|198.45|26.00|110  |  200.00|198.45|0.07|107.32|107.32
187967.00|38.00|198.47|26.00|110  |  200.00|198.47|0.06|107.32|107.32
188132.00|37.00|198.76|26.00|110  |  200.00|198.76|0.06|107.32|107.32
188145.00|36.00|199.06|26.00|110  |  200.00|199.06|0.05|107.32|107.32
188219.00|36.00|199.65|26.00|110  |  200.00|199.65|0.04|107.32|107.32
188384.00|36.00|200.40|26.00|110  |  200.00|200.40|0.01|107.32|107.32
188395.00|37.00|201.15|26.00|110  |  200.00|201.15|-0.02|107.32|107.32
188470.00|36.00|201.98|26.00|110  |  200.00|201.98|-0.05|107.32|107.32
188636.00|37.00|202.41|26.00|110  |  200.00|202.41|-0.08|107.32|107.32
188649.00|41.00|202.85|26.00|110  |  200.00|202.85|-0.10|107.32|107.32
188724.00|41.00|202.93|26.00|110  |  200.00|202.93|-0.11|107.32|107.32
188889.00|41.00|202.71|26.00|110  |  200.00|202.71|-0.12|107.32|107.32
188902.00|40.00|202.50|26.00|110  |  200.00|202.50|-0.11|107.32|107.32
188977.00|39.00|201.93|26.00|110  |  200.00|201.93|-0.10|107.32|107.32
189143.00|41.00|201.42|26.00|110  |  200.00|201.42|-0.08|107.32|107.32
189153.00|41.00|200.92|26.00|110  |  200.00|200.92|-0.06|107.32|107.32
189228.00|38.00|200.69|26.00|110  |  200.00|200.69|-0.04|107.32|107.32
189393.00|39.00|200.58|26.00|110  |  200.00|200.58|-0.03|107.32|107.32
189406.00|38.00|200.47|26.00|110  |  200.00|200.47|-0.02|107.32|107.32
189480.00|41.00|200.15|26.00|110  |  200.00|200.15|-0.02|107.32|107.32
189645.00|41.00|199.57|26.00|110  |  200.00|199.57|-0.01|107.32|107.32
189660.00|40.00|198.99|26.00|110  |  200.00|198.99|0.02|107.32|107.32
189733.00|40.00|198.26|26.00|110  |  200.00|198.26|0.04|107.32|107.32
189898.00|39.00|197.52|26.00|110  |  200.00|197.52|0.07|107.32|107.32
189910.00|39.00|196.79|26.00|110  |  200.00|196.79|0.10|107.32|107.32
189983.00|39.00|196.39|26.00|110  |  200.00|196.39|0.13|107.32|107.32
190148.00|37.00|196.26|26.00|110  |  200.00|196.26|0.14|107.32|107.32
190160.00|37.00|196.14|26.00|110  |  200.00|196.14|0.15|107.32|107.32
190235.00|36.00|196.03|26.00|110  |  200.00|196.03|0.15|107.32|107.32
190399.00|36.00|195.86|26.00|110  |  200.00|195.86|0.16|107.32|107.32
190409.00|35.00|195.69|26.00|110  |  200.00|195.69|0.17|107.32|107.32
190483.00|34.00|195.51|26.00|110  |  200.00|195.51|0.17|107.32|107.32
190648.00|34.00|195.38|26.00|110  |  200.00|195.38|0.18|107.32|107.32
190658.00|37.00|195.26|26.00|110  |  200.00|195.26|0.18|107.32|107.32
190732.00|37.00|195.20|26.00|110  |  200.00|195.20|0.19|107.32|107.32
190897.00|36.00|195.08|26.00|110  |  200.00|195.08|0.19|107.32|107.32
190908.00|37.00|194.96|26.00|110  |  200.00|194.96|0.20|107.32|107.32
190982.00|39.00|194.87|26.00|110  |  200.00|194.87|0.20|107.32|107.32
191147.00|40.00|194.86|26.00|110  |  200.00|194.86|0.21|107.32|107.32
191159.00|40.00|194.86|26.00|110  |  200.00|194.86|0.21|107.32|107.32
191234.00|39.00|194.81|26.00|110  |  200.00|194.81|0.21|107.32|107.32
191397.00|37.00|194.65|26.00|110  |  200.00|194.65|0.21|107.32|107.32
191411.00|37.00|194.49|26.00|110  |  200.00|194.49|0.21|107.32|107.32
191484.00|37.00|194.24|26.00|110  |  200.00|194.24|0.22|107.32|107.32
191649.00|37.00|194.10|26.00|110  |  200.00|194.10|0.23|107.32|107.32
191662.00|39.00|193.96|26.00|110  |  200.00|193.96|0.24|107.32|107.32
191735.00|37.00|193.97|26.00|110  |  200.00|193.97|0.24|107.32|107.32
191900.00|37.00|193.94|26.00|110  |  200.00|193.94|0.24|107.32|107.32
191913.00|38.00|193.92|26.00|110  |  200.00|193.92|0.24|107.32|107.32
191987.00|38.00|193.90|26.00|110  |  200.00|193.90|0.24|107.32|107.32
192152.00|37.00|193.92|26.00|110  |  200.00|193.92|0.24|107.32|107.32
192164.00|37.00|193.95|26.00|110  |  200.00|193.95|0.24|107.32|107.32
192238.00|34.00|194.03|26.00|110  |  200.00|194.03|0.24|107.32|107.32
192403.00|35.00|194.17|26.00|110  |  200.00|194.17|0.24|107.32|107.32
192413.00|34.00|194.29|26.00|110  |  200.00|194.29|0.23|107.32|107.32
Entrando al modo automatico...
Se debe ingresar los parametros para trabajar
% Consta del 'Empuje' y 'RPS' de operacion
% para evitar problemas, evite seleccionar fuera del rango
% Empuje    :   300 gf  -   20 gf
% Rev x Seg :   75 RPS  -   30 RPS
Seleccione los valores...
Empuje: 162.00
RPS: 2.00
-------------------------
Iniciando el control PID...
211349.00|34.00|194.06|26.00|110  |  162.00|194.06|-1.29|107.00|107.00
211477.00|34.00|193.55|25.00|110  |  162.00|193.55|-1.28|106.82|106.82
211491.00|34.00|193.06|25.00|110  |  162.00|193.06|-1.26|106.66|106.66
211566.00|34.00|192.67|25.00|110  |  162.00|192.67|-1.24|106.51|106.51
211732.00|37.00|192.13|25.00|110  |  162.00|192.13|-1.23|106.35|106.35
211745.00|40.00|191.60|25.00|110  |  162.00|191.60|-1.21|106.20|106.20
211820.00|39.00|190.99|25.00|110  |  162.00|190.99|-1.18|106.06|106.06
211986.00|39.00|190.39|24.00|110  |  162.00|190.39|-1.16|105.92|105.92
211998.00|39.00|189.80|24.00|110  |  162.00|189.80|-1.14|105.79|105.79
212073.00|40.00|189.21|24.00|110  |  162.00|189.21|-1.11|105.66|105.66
212239.00|40.00|187.51|24.00|110  |  162.00|187.51|-1.09|105.53|105.53
212252.00|38.00|185.81|24.00|110  |  162.00|185.81|-1.02|105.50|105.50
212327.00|36.00|182.21|24.00|110  |  162.00|182.21|-0.95|105.47|105.47
212493.00|35.00|178.02|24.00|110  |  162.00|178.02|-0.81|105.60|105.60
212506.00|37.00|172.26|24.00|110  |  162.00|172.26|-0.64|105.79|105.79
212581.00|37.00|168.66|25.00|110  |  162.00|168.66|-0.41|106.13|106.13
212747.00|36.00|165.64|25.00|110  |  162.00|165.64|-0.27|106.13|106.13
212759.00|35.00|164.18|25.00|110  |  162.00|164.18|-0.15|106.13|106.13
212834.00|35.00|161.35|25.00|110  |  162.00|161.35|-0.09|106.13|106.13
213000.00|35.00|158.65|25.00|110  |  162.00|158.65|0.03|106.13|106.13
213011.00|38.00|155.95|25.00|110  |  162.00|155.95|0.13|106.13|106.13
213085.00|37.00|153.31|25.00|110  |  162.00|153.31|0.24|106.13|106.13
213250.00|38.00|150.70|26.00|110  |  162.00|150.70|0.35|107.51|107.51
213260.00|38.00|146.72|26.00|110  |  162.00|146.72|0.45|107.76|107.76
213334.00|40.00|144.08|27.00|110  |  162.00|144.08|0.61|108.13|108.13
213498.00|40.00|142.53|27.00|110  |  162.00|142.53|0.72|108.43|108.43
213511.00|40.00|142.35|27.00|110  |  162.00|142.35|0.78|108.65|108.65
213584.00|38.00|143.03|27.00|110  |  162.00|143.03|0.79|108.79|108.79
213749.00|38.00|145.99|27.00|110  |  162.00|145.99|0.76|108.86|108.86
213761.00|37.00|148.96|27.00|110  |  162.00|148.96|0.64|108.75|108.75
213834.00|37.00|153.00|27.00|110  |  162.00|153.00|0.52|108.62|108.62
213999.00|37.00|156.64|27.00|110  |  162.00|156.64|0.36|108.39|108.39
214012.00|36.00|161.89|27.00|110  |  162.00|161.89|0.21|108.39|108.39
214086.00|36.00|165.21|27.00|110  |  162.00|165.21|0.00|108.39|108.39
214251.00|34.00|168.28|27.00|110  |  162.00|168.28|-0.13|108.39|108.39
214264.00|36.00|169.75|27.00|110  |  162.00|169.75|-0.25|108.39|108.39
214339.00|35.00|172.73|26.00|110  |  162.00|172.73|-0.31|107.17|107.17
214505.00|36.00|175.73|25.00|110  |  162.00|175.73|-0.43|106.90|106.90
214516.00|36.00|178.73|25.00|110  |  162.00|178.73|-0.55|106.61|106.61
214591.00|37.00|181.67|25.00|110  |  162.00|181.67|-0.67|106.30|106.30
214757.00|39.00|184.35|24.00|110  |  162.00|184.35|-0.79|105.97|105.97
214768.00|39.00|187.67|24.00|110  |  162.00|187.67|-0.89|105.64|105.64
214843.00|38.00|189.52|24.00|110  |  162.00|189.52|-1.03|105.26|105.26
215009.00|36.00|188.93|22.00|110  |  162.00|188.93|-1.10|104.96|104.96
215023.00|36.00|187.70|22.00|110  |  162.00|187.70|-1.08|104.83|104.83
215098.00|37.00|184.49|22.00|110  |  162.00|184.49|-1.03|104.76|104.76
215264.00|35.00|179.98|22.00|110  |  162.00|179.98|-0.90|104.85|104.85
215277.00|34.00|175.48|24.00|110  |  162.00|175.48|-0.72|105.05|105.05
215353.00|35.00|170.44|24.00|110  |  162.00|170.44|-0.54|105.29|105.29
215518.00|36.00|165.84|24.00|110  |  162.00|165.84|-0.34|105.59|105.59
215529.00|37.00|159.30|24.00|110  |  162.00|159.30|-0.15|105.59|105.59
215604.00|39.00|155.28|24.00|110  |  162.00|155.28|0.11|105.59|105.59
215769.00|40.00|151.60|24.00|110  |  162.00|151.60|0.27|105.59|105.59
215782.00|40.00|149.84|25.00|110  |  162.00|149.84|0.42|106.97|106.97
215856.00|40.00|146.40|26.00|110  |  162.00|146.40|0.49|107.17|107.17
216020.00|40.00|143.45|26.00|110  |  162.00|143.45|0.62|107.50|107.50
216033.00|40.00|140.50|26.00|110  |  162.00|140.50|0.74|107.82|107.82
216107.00|40.00|138.77|27.00|110  |  162.00|138.77|0.86|108.16|108.16
216271.00|38.00|138.58|27.00|110  |  162.00|138.58|0.93|108.42|108.42
216284.00|37.00|139.52|27.00|110  |  162.00|139.52|0.94|108.58|108.58
216357.00|36.00|140.92|27.00|110  |  162.00|140.92|0.90|108.65|108.65
216522.00|39.00|143.89|27.00|110  |  162.00|143.89|0.84|108.68|108.68
216535.00|40.00|145.74|27.00|110  |  162.00|145.74|0.72|108.58|108.58
216608.00|38.00|149.33|27.00|110  |  162.00|149.33|0.65|108.55|108.55
216773.00|38.00|152.92|27.00|110  |  162.00|152.92|0.51|108.38|108.38
216783.00|38.00|156.50|27.00|110  |  162.00|156.50|0.36|108.19|108.19
216857.00|38.00|159.96|27.00|110  |  162.00|159.96|0.22|108.19|108.19
217022.00|38.00|162.91|27.00|110  |  162.00|162.91|0.08|108.19|108.19
217035.00|36.00|167.09|27.00|110  |  162.00|167.09|-0.04|108.19|108.19
217110.00|35.00|169.65|27.00|110  |  162.00|169.65|-0.20|108.19|108.19
217276.00|35.00|171.87|25.00|110  |  162.00|171.87|-0.31|106.97|106.97
217288.00|35.00|172.86|25.00|110  |  162.00|172.86|-0.39|106.75|106.75
217363.00|35.00|174.32|25.00|110  |  162.00|174.32|-0.43|106.62|106.62
217529.00|36.00|174.78|25.00|110  |  162.00|174.78|-0.49|106.44|106.44
217541.00|36.00|175.25|25.00|110  |  162.00|175.25|-0.51|106.33|106.33
217616.00|38.00|174.97|25.00|110  |  162.00|174.97|-0.53|106.22|106.22
217782.00|37.00|174.31|25.00|110  |  162.00|174.31|-0.52|106.16|106.16
217794.00|36.00|173.42|25.00|110  |  162.00|173.42|-0.49|106.13|106.13
217869.00|37.00|172.80|25.00|110  |  162.00|172.80|-0.46|106.12|106.12
218035.00|36.00|171.98|25.00|110  |  162.00|171.98|-0.43|106.10|106.10
218046.00|35.00|171.37|25.00|110  |  162.00|171.37|-0.40|106.09|106.09
218121.00|37.00|170.20|25.00|110  |  162.00|170.20|-0.37|106.08|106.08
218287.00|35.00|169.19|25.00|110  |  162.00|169.19|-0.33|106.11|106.11
218299.00|36.00|168.18|25.00|110  |  162.00|168.18|-0.29|106.14|106.14
218374.00|38.00|167.33|25.00|110  |  162.00|167.33|-0.25|106.14|106.14
218540.00|39.00|166.60|25.00|110  |  162.00|166.60|-0.21|106.14|106.14
218553.00|40.00|165.87|25.00|110  |  162.00|165.87|-0.18|106.14|106.14
218628.00|42.00|165.52|25.00|110  |  162.00|165.52|-0.15|106.14|106.14
218793.00|41.00|165.20|25.00|110  |  162.00|165.20|-0.14|106.14|106.14
218805.00|41.00|164.89|25.00|110  |  162.00|164.89|-0.13|106.14|106.14
218881.00|42.00|164.49|25.00|110  |  162.00|164.49|-0.12|106.14|106.14
219045.00|40.00|164.51|25.00|110  |  162.00|164.51|-0.10|106.14|106.14
219059.00|41.00|164.53|25.00|110  |  162.00|164.53|-0.10|106.14|106.14
219133.00|42.00|164.70|25.00|110  |  162.00|164.70|-0.10|106.14|106.14
219298.00|39.00|164.88|25.00|110  |  162.00|164.88|-0.11|106.14|106.14
219312.00|39.00|165.06|25.00|110  |  162.00|165.06|-0.12|106.14|106.14
219386.00|38.00|165.16|25.00|110  |  162.00|165.16|-0.12|106.14|106.14
219552.00|36.00|165.19|25.00|110  |  162.00|165.19|-0.13|106.14|106.14
219565.00|37.00|165.22|25.00|110  |  162.00|165.22|-0.13|106.14|106.14
219639.00|37.00|165.32|25.00|110  |  162.00|165.32|-0.13|106.14|106.14
219805.00|34.00|165.58|25.00|110  |  162.00|165.58|-0.13|106.14|106.14
219819.00|35.00|165.84|25.00|110  |  162.00|165.84|-0.14|106.14|106.14
219893.00|36.00|166.21|25.00|110  |  162.00|166.21|-0.15|106.14|106.14
220059.00|37.00|166.54|25.00|110  |  162.00|166.54|-0.17|106.14|106.14
220072.00|37.00|166.87|25.00|110  |  162.00|166.87|-0.18|106.14|106.14
220147.00|35.00|167.15|25.00|110  |  162.00|167.15|-0.19|106.14|106.14
220313.00|35.00|167.39|25.00|110  |  162.00|167.39|-0.21|106.14|106.14
220326.00|36.00|167.64|25.00|110  |  162.00|167.64|-0.22|106.14|106.14
220401.00|35.00|167.82|25.00|110  |  162.00|167.82|-0.23|106.14|106.14
220567.00|34.00|167.96|25.00|110  |  162.00|167.96|-0.23|106.14|106.14
220579.00|33.00|168.10|25.00|110  |  162.00|168.10|-0.24|106.14|106.14
220654.00|34.00|168.22|25.00|110  |  162.00|168.22|-0.24|106.14|106.14
220820.00|35.00|168.37|25.00|110  |  162.00|168.37|-0.25|106.14|106.14
220832.00|36.00|168.52|25.00|110  |  162.00|168.52|-0.25|106.14|106.14
220907.00|36.00|168.74|25.00|110  |  162.00|168.74|-0.26|106.14|106.14
221072.00|39.00|168.90|25.00|110  |  162.00|168.90|-0.27|106.14|106.14
221085.00|40.00|169.07|25.00|110  |  162.00|169.07|-0.28|106.14|106.14
221160.00|40.00|169.14|25.00|110  |  162.00|169.14|-0.28|106.10|106.10
221326.00|41.00|169.12|25.00|110  |  162.00|169.12|-0.29|106.05|106.05
221338.00|40.00|169.11|25.00|110  |  162.00|169.11|-0.28|106.01|106.01
221413.00|40.00|169.06|24.00|110  |  162.00|169.06|-0.28|105.97|105.97
221579.00|40.00|168.88|24.00|110  |  162.00|168.88|-0.28|105.93|105.93
221590.00|37.00|168.70|24.00|110  |  162.00|168.70|-0.28|105.93|105.93
221665.00|37.00|167.59|24.00|110  |  162.00|167.59|-0.27|105.93|105.93
221831.00|37.00|165.54|24.00|110  |  162.00|165.54|-0.22|105.93|105.93
221843.00|36.00|163.49|24.00|110  |  162.00|163.49|-0.14|105.93|105.93
221918.00|38.00|161.49|24.00|110  |  162.00|161.49|-0.06|105.93|105.93
222084.00|38.00|159.92|24.00|110  |  162.00|159.92|0.02|105.93|105.93
222096.00|39.00|158.34|24.00|110  |  162.00|158.34|0.08|105.93|105.93
222170.00|41.00|156.93|24.00|110  |  162.00|156.93|0.15|105.93|105.93
222334.00|41.00|155.52|24.00|110  |  162.00|155.52|0.20|105.93|105.93
222347.00|41.00|154.11|24.00|110  |  162.00|154.11|0.26|105.93|105.93
222420.00|40.00|152.75|26.00|110  |  162.00|152.75|0.32|107.02|107.02
222585.00|38.00|151.44|26.00|110  |  162.00|151.44|0.37|107.17|107.17
222597.00|38.00|150.14|26.00|110  |  162.00|150.14|0.42|107.33|107.33
222670.00|37.00|148.90|26.00|110  |  162.00|148.90|0.47|107.49|107.49
222835.00|38.00|147.85|26.00|110  |  162.00|147.85|0.52|107.66|107.66
222848.00|38.00|146.79|26.00|110  |  162.00|146.79|0.57|107.82|107.82
222921.00|37.00|146.72|26.00|110  |  162.00|146.72|0.61|107.99|107.99
223086.00|36.00|147.67|27.00|110  |  162.00|147.67|0.61|108.09|108.09
223099.00|36.00|148.63|27.00|110  |  162.00|148.63|0.57|108.11|108.11
223173.00|36.00|149.50|27.00|110  |  162.00|149.50|0.53|108.12|108.12
223338.00|35.00|150.10|27.00|110  |  162.00|150.10|0.50|108.14|108.14
223349.00|34.00|150.70|27.00|110  |  162.00|150.70|0.48|108.17|108.17
223423.00|34.00|151.80|27.00|110  |  162.00|151.80|0.45|108.20|108.20
223588.00|36.00|153.28|27.00|110  |  162.00|153.28|0.41|108.18|108.18
223598.00|36.00|154.76|27.00|110  |  162.00|154.76|0.35|108.13|108.13
223672.00|37.00|156.13|27.00|110  |  162.00|156.13|0.29|108.07|108.07
223837.00|39.00|157.48|27.00|110  |  162.00|157.48|0.23|108.07|108.07
223847.00|39.00|158.82|27.00|110  |  162.00|158.82|0.18|108.07|108.07
223921.00|39.00|160.11|27.00|110  |  162.00|160.11|0.13|108.07|108.07
224086.00|38.00|161.38|27.00|110  |  162.00|161.38|0.08|108.07|108.07
224097.00|37.00|162.66|27.00|110  |  162.00|162.66|0.02|108.07|108.07
224171.00|36.00|164.06|27.00|110  |  162.00|164.06|-0.03|108.07|108.07
224336.00|37.00|165.45|27.00|110  |  162.00|165.45|-0.08|108.07|108.07
224349.00|35.00|166.84|27.00|110  |  162.00|166.84|-0.14|108.07|108.07
224423.00|34.00|168.30|27.00|110  |  162.00|168.30|-0.19|108.07|108.07
224589.00|35.00|169.94|27.00|110  |  162.00|169.94|-0.25|108.07|108.07
224601.00|35.00|171.59|25.00|110  |  162.00|171.59|-0.32|106.96|106.96
224675.00|37.00|172.71|25.00|110  |  162.00|172.71|-0.38|106.79|106.79
224841.00|38.00|173.22|25.00|110  |  162.00|173.22|-0.43|106.64|106.64
224855.00|38.00|173.73|25.00|110  |  162.00|173.73|-0.45|106.54|106.54
224929.00|37.00|174.26|25.00|110  |  162.00|174.26|-0.47|106.43|106.43
225095.00|38.00|174.76|25.00|110  |  162.00|174.76|-0.49|106.32|106.32
225107.00|38.00|175.26|25.00|110  |  162.00|175.26|-0.51|106.21|106.21
225182.00|37.00|175.74|25.00|110  |  162.00|175.74|-0.53|106.09|106.09
225348.00|35.00|176.22|24.00|110  |  162.00|176.22|-0.55|105.97|105.97
225361.00|34.00|176.71|24.00|110  |  162.00|176.71|-0.57|105.85|105.85
225436.00|33.00|177.07|24.00|110  |  162.00|177.07|-0.59|105.73|105.73
225602.00|34.00|177.00|24.00|110  |  162.00|177.00|-0.60|105.61|105.61
225615.00|34.00|176.94|24.00|110  |  162.00|176.94|-0.60|105.52|105.52
225690.00|34.00|175.68|24.00|110  |  162.00|175.68|-0.60|105.44|105.44
225856.00|35.00|173.37|24.00|110  |  162.00|173.37|-0.55|105.44|105.44
225867.00|35.00|171.06|24.00|110  |  162.00|171.06|-0.45|105.53|105.53
225942.00|36.00|168.71|24.00|110  |  162.00|168.71|-0.36|105.64|105.64
226108.00|36.00|166.73|24.00|110  |  162.00|166.73|-0.27|105.64|105.64
226120.00|36.00|164.76|24.00|110  |  162.00|164.76|-0.19|105.64|105.64
226195.00|36.00|163.00|24.00|110  |  162.00|163.00|-0.11|105.64|105.64
226361.00|35.00|161.27|24.00|110  |  162.00|161.27|-0.04|105.64|105.64
226374.00|36.00|158.67|24.00|110  |  162.00|158.67|0.03|105.64|105.64
226448.00|36.00|156.95|24.00|110  |  162.00|156.95|0.13|105.64|105.64
226613.00|36.00|155.25|24.00|110  |  162.00|155.25|0.20|105.64|105.64
226625.00|37.00|154.42|24.00|110  |  162.00|154.42|0.27|105.64|105.64
226699.00|36.00|152.78|25.00|110  |  162.00|152.78|0.30|106.85|106.85
226864.00|37.00|151.52|26.00|110  |  162.00|151.52|0.37|107.02|107.02
226874.00|38.00|150.25|26.00|110  |  162.00|150.25|0.42|107.17|107.17
226948.00|36.00|150.10|26.00|110  |  162.00|150.10|0.47|107.33|107.33
227112.00|37.00|150.61|26.00|110  |  162.00|150.61|0.48|107.42|107.42
227123.00|37.00|151.12|26.00|110  |  162.00|151.12|0.46|107.45|107.45
227196.00|38.00|151.41|26.00|110  |  162.00|151.41|0.44|107.48|107.48
227361.00|38.00|151.43|26.00|110  |  162.00|151.43|0.42|107.53|107.53
227374.00|37.00|151.46|26.00|110  |  162.00|151.46|0.42|107.59|107.59
227448.00|37.00|151.32|26.00|110  |  162.00|151.32|0.42|107.65|107.65
227612.00|39.00|151.20|26.00|110  |  162.00|151.20|0.43|107.73|107.73
227622.00|38.00|151.08|26.00|110  |  162.00|151.08|0.43|107.80|107.80
227696.00|40.00|150.98|26.00|110  |  162.00|150.98|0.44|107.88|107.88
227861.00|41.00|150.98|26.00|110  |  162.00|150.98|0.44|107.95|107.95
227873.00|41.00|150.99|27.00|110  |  162.00|150.99|0.44|108.02|108.02
227948.00|40.00|151.21|27.00|110  |  162.00|151.21|0.44|108.09|108.09
228112.00|40.00|151.97|27.00|110  |  162.00|151.97|0.43|108.14|108.14
228124.00|39.00|152.72|27.00|110  |  162.00|152.72|0.40|108.14|108.14
228198.00|39.00|154.00|27.00|110  |  162.00|154.00|0.37|108.15|108.15
228363.00|37.00|155.71|27.00|110  |  162.00|155.71|0.32|108.11|108.11
228374.00|37.00|157.43|27.00|110  |  162.00|157.43|0.25|108.11|108.11
228448.00|37.00|159.68|27.00|110  |  162.00|159.68|0.18|108.11|108.11
228613.00|36.00|162.04|27.00|110  |  162.00|162.04|0.09|108.11|108.11
228626.00|36.00|164.40|27.00|110  |  162.00|164.40|-0.00|108.11|108.11
228701.00|37.00|166.61|27.00|110  |  162.00|166.61|-0.10|108.11|108.11
228867.00|38.00|168.74|27.00|110  |  162.00|168.74|-0.18|108.11|108.11
228880.00|40.00|170.88|27.00|110  |  162.00|170.88|-0.27|108.11|108.11
228955.00|40.00|172.91|25.00|110  |  162.00|172.91|-0.36|106.87|106.87
229121.00|40.00|174.74|25.00|110  |  162.00|174.74|-0.44|106.67|106.67
229133.00|41.00|176.58|25.00|110  |  162.00|176.58|-0.51|106.46|106.46
229208.00|40.00|178.17|25.00|110  |  162.00|178.17|-0.58|106.24|106.24
229373.00|39.00|179.28|25.00|110  |  162.00|179.28|-0.65|106.03|106.03
229387.00|38.00|180.38|24.00|110  |  162.00|180.38|-0.69|105.85|105.85
229462.00|35.00|180.91|24.00|110  |  162.00|180.91|-0.74|105.66|105.66
229627.00|34.00|180.54|24.00|110  |  162.00|180.54|-0.76|105.51|105.51
229642.00|33.00|180.17|24.00|110  |  162.00|180.17|-0.74|105.42|105.42
229716.00|34.00|178.22|24.00|110  |  162.00|178.22|-0.73|105.33|105.33
229882.00|36.00|175.70|24.00|110  |  162.00|175.70|-0.65|105.37|105.37
229895.00|37.00|173.18|24.00|110  |  162.00|173.18|-0.55|105.46|105.46
229969.00|37.00|171.06|24.00|110  |  162.00|171.06|-0.45|105.57|105.57
230135.00|39.00|169.15|24.00|110  |  162.00|169.15|-0.36|105.66|105.66
230148.00|39.00|166.45|24.00|110  |  162.00|166.45|-0.29|105.75|105.75
230222.00|41.00|164.76|24.00|110  |  162.00|164.76|-0.18|105.75|105.75
230388.00|38.00|163.15|24.00|110  |  162.00|163.15|-0.11|105.75|105.75
230401.00|38.00|162.32|24.00|110  |  162.00|162.32|-0.05|105.75|105.75
230475.00|37.00|160.69|24.00|110  |  162.00|160.69|-0.01|105.75|105.75
230641.00|38.00|159.16|24.00|110  |  162.00|159.16|0.05|105.75|105.75
230653.00|36.00|157.63|24.00|110  |  162.00|157.63|0.11|105.75|105.75
230727.00|36.00|156.26|24.00|110  |  162.00|156.26|0.17|105.75|105.75
230892.00|36.00|155.35|24.00|110  |  162.00|155.35|0.23|105.75|105.75
230902.00|38.00|154.86|24.00|110  |  162.00|154.86|0.27|105.75|105.75
230976.00|37.00|155.02|25.00|110  |  162.00|155.02|0.29|106.80|106.80
231141.00|37.00|155.72|25.00|110  |  162.00|155.72|0.28|106.80|106.80
231153.00|36.00|156.00|25.00|110  |  162.00|156.00|0.25|106.80|106.80
231227.00|36.00|156.54|25.00|110  |  162.00|156.54|0.24|106.80|106.80
231392.00|36.00|156.97|25.00|110  |  162.00|156.97|0.22|106.80|106.80
231402.00|36.00|157.40|25.00|110  |  162.00|157.40|0.20|106.80|106.80
231476.00|35.00|157.66|25.00|110  |  162.00|157.66|0.18|106.80|106.80
231641.00|35.00|157.87|25.00|110  |  162.00|157.87|0.17|106.80|106.80
231651.00|35.00|158.09|25.00|110  |  162.00|158.09|0.17|106.80|106.80
231726.00|35.00|158.25|25.00|110  |  162.00|158.25|0.16|106.80|106.80
231889.00|37.00|158.30|25.00|110  |  162.00|158.30|0.15|106.80|106.80
231900.00|37.00|158.35|25.00|110  |  162.00|158.35|0.15|106.80|106.80
231973.00|38.00|158.37|25.00|110  |  162.00|158.37|0.15|106.80|106.80
232138.00|37.00|158.42|25.00|110  |  162.00|158.42|0.15|106.80|106.80
232152.00|38.00|158.47|25.00|110  |  162.00|158.47|0.14|106.80|106.80
232225.00|39.00|158.50|25.00|110  |  162.00|158.50|0.14|106.80|106.80
232390.00|38.00|158.43|25.00|110  |  162.00|158.43|0.14|106.80|106.80
232400.00|37.00|158.37|25.00|110  |  162.00|158.37|0.14|106.80|106.80
232474.00|36.00|158.21|25.00|110  |  162.00|158.21|0.15|106.80|106.80
232639.00|35.00|158.10|25.00|110  |  162.00|158.10|0.15|106.80|106.80
232650.00|36.00|158.00|25.00|110  |  162.00|158.00|0.16|106.80|106.80
232724.00|37.00|158.01|25.00|110  |  162.00|158.01|0.16|106.80|106.80
232889.00|35.00|158.07|25.00|110  |  162.00|158.07|0.16|106.80|106.80
232902.00|35.00|158.13|25.00|110  |  162.00|158.13|0.16|106.80|106.80
232976.00|35.00|158.16|25.00|110  |  162.00|158.16|0.15|106.80|106.80
233140.00|37.00|158.22|25.00|110  |  162.00|158.22|0.15|106.80|106.80
233151.00|36.00|158.28|25.00|110  |  162.00|158.28|0.15|106.80|106.80
233225.00|37.00|158.32|25.00|110  |  162.00|158.32|0.15|106.80|106.80
233389.00|36.00|158.35|25.00|110  |  162.00|158.35|0.15|106.80|106.80
233402.00|37.00|158.38|25.00|110  |  162.00|158.38|0.15|106.80|106.80
233476.00|37.00|158.40|25.00|110  |  162.00|158.40|0.14|106.80|106.80
233640.00|37.00|158.45|25.00|110  |  162.00|158.45|0.14|106.80|106.80
233651.00|37.00|158.50|25.00|110  |  162.00|158.50|0.14|106.80|106.80
233724.00|37.00|158.58|25.00|110  |  162.00|158.58|0.14|106.80|106.80
233889.00|36.00|159.06|25.00|110  |  162.00|159.06|0.14|106.80|106.80
233901.00|36.00|159.54|25.00|110  |  162.00|159.54|0.12|106.80|106.80
233975.00|36.00|160.55|25.00|110  |  162.00|160.55|0.10|106.80|106.80
234139.00|35.00|161.60|25.00|110  |  162.00|161.60|0.06|106.80|106.80
234152.00|35.00|162.66|25.00|110  |  162.00|162.66|0.02|106.80|106.80
234226.00|34.00|163.63|25.00|110  |  162.00|163.63|-0.03|106.80|106.80
234392.00|33.00|164.61|25.00|110  |  162.00|164.61|-0.07|106.80|106.80
234405.00|32.00|165.58|25.00|110  |  162.00|165.58|-0.10|106.80|106.80
234480.00|32.00|166.11|25.00|110  |  162.00|166.11|-0.14|106.80|106.80
234646.00|33.00|166.63|25.00|110  |  162.00|166.63|-0.16|106.80|106.80
234659.00|33.00|167.15|25.00|110  |  162.00|167.15|-0.19|106.80|106.80
234734.00|33.00|168.18|25.00|110  |  162.00|168.18|-0.21|106.80|106.80
234900.00|34.00|169.16|25.00|110  |  162.00|169.16|-0.25|106.80|106.80
234912.00|33.00|170.15|24.00|110  |  162.00|170.15|-0.29|105.75|105.75
234988.00|34.00|171.15|24.00|110  |  162.00|171.15|-0.33|105.63|105.63
235154.00|34.00|172.14|24.00|110  |  162.00|172.14|-0.37|105.51|105.51
235166.00|33.00|173.13|24.00|110  |  162.00|173.13|-0.41|105.38|105.38
235241.00|33.00|173.58|24.00|110  |  162.00|173.58|-0.45|105.24|105.24
235407.00|33.00|173.63|24.00|110  |  162.00|173.63|-0.46|105.14|105.14
235420.00|32.00|173.67|24.00|110  |  162.00|173.67|-0.47|105.06|105.06
235495.00|33.00|173.71|22.00|110  |  162.00|173.71|-0.47|104.99|104.99
235661.00|34.00|173.64|22.00|110  |  162.00|173.64|-0.47|104.91|104.91
235674.00|34.00|173.57|22.00|110  |  162.00|173.57|-0.47|104.85|104.85
235749.00|33.00|172.53|22.00|110  |  162.00|172.53|-0.46|104.78|104.78
235915.00|34.00|170.16|22.00|110  |  162.00|170.16|-0.42|104.79|104.79
235926.00|34.00|167.79|22.00|110  |  162.00|167.79|-0.33|104.90|104.90
236001.00|38.00|165.25|22.00|110  |  162.00|165.25|-0.23|104.90|104.90
236167.00|37.00|163.17|22.00|110  |  162.00|163.17|-0.13|104.90|104.90
236180.00|38.00|161.08|22.00|110  |  162.00|161.08|-0.05|104.90|104.90
236255.00|39.00|159.28|22.00|110  |  162.00|159.28|0.04|104.90|104.90
236420.00|40.00|157.58|22.00|110  |  162.00|157.58|0.11|104.90|104.90
236430.00|39.00|155.88|22.00|110  |  162.00|155.88|0.18|104.90|104.90
236505.00|39.00|154.21|22.00|110  |  162.00|154.21|0.24|104.90|104.90
236669.00|39.00|152.56|25.00|110  |  162.00|152.56|0.31|106.07|106.07
236682.00|44.00|150.91|25.00|110  |  162.00|150.91|0.38|106.24|106.24
236755.00|44.00|149.28|25.00|110  |  162.00|149.28|0.44|106.42|106.42
236920.00|43.00|147.95|25.00|110  |  162.00|147.95|0.51|106.61|106.61
236932.00|43.00|146.62|25.00|110  |  162.00|146.62|0.56|106.79|106.79
237006.00|44.00|147.16|25.00|110  |  162.00|147.16|0.62|106.98|106.98
237170.00|44.00|149.64|26.00|110  |  162.00|149.64|0.59|107.03|107.03
237182.00|44.00|152.12|25.00|110  |  162.00|152.12|0.49|106.94|106.94
237256.00|40.00|154.67|25.00|110  |  162.00|154.67|0.40|106.82|106.82
237421.00|40.00|156.73|25.00|110  |  162.00|156.73|0.29|106.69|106.69
237431.00|41.00|158.80|25.00|110  |  162.00|158.80|0.21|106.69|106.69
237506.00|40.00|159.74|25.00|110  |  162.00|159.74|0.13|106.69|106.69
237670.00|40.00|160.52|25.00|110  |  162.00|160.52|0.09|106.69|106.69
237681.00|40.00|161.29|25.00|110  |  162.00|161.29|0.06|106.69|106.69
237755.00|38.00|162.81|25.00|110  |  162.00|162.81|0.03|106.69|106.69
237920.00|39.00|164.27|25.00|110  |  162.00|164.27|-0.03|106.69|106.69
237931.00|39.00|165.72|25.00|110  |  162.00|165.72|-0.09|106.69|106.69
238007.00|40.00|167.16|25.00|110  |  162.00|167.16|-0.15|106.69|106.69
238173.00|42.00|168.62|25.00|110  |  162.00|168.62|-0.21|106.69|106.69
238184.00|42.00|170.07|25.00|110  |  162.00|170.07|-0.26|106.69|106.69
238259.00|43.00|170.80|24.00|110  |  162.00|170.80|-0.32|105.56|105.56
238425.00|44.00|171.27|24.00|110  |  162.00|171.27|-0.35|105.46|105.46
238436.00|42.00|171.73|24.00|110  |  162.00|171.73|-0.37|105.37|105.37
238511.00|42.00|172.09|24.00|110  |  162.00|172.09|-0.39|105.28|105.28
238676.00|40.00|171.84|24.00|110  |  162.00|171.84|-0.40|105.19|105.19
238689.00|38.00|171.59|24.00|110  |  162.00|171.59|-0.39|105.15|105.15
238764.00|38.00|171.35|24.00|110  |  162.00|171.35|-0.38|105.11|105.11
238929.00|36.00|171.19|24.00|110  |  162.00|171.19|-0.37|105.07|105.07
238941.00|34.00|171.03|24.00|110  |  162.00|171.03|-0.37|105.02|105.02
239015.00|34.00|170.98|22.00|110  |  162.00|170.98|-0.36|104.98|104.98
239181.00|36.00|170.92|22.00|110  |  162.00|170.92|-0.36|104.93|104.93
239193.00|35.00|170.87|22.00|110  |  162.00|170.87|-0.36|104.88|104.88
239268.00|36.00|170.60|22.00|110  |  162.00|170.60|-0.35|104.83|104.83
239433.00|36.00|169.94|22.00|110  |  162.00|169.94|-0.34|104.79|104.79
239448.00|36.00|169.27|22.00|110  |  162.00|169.27|-0.32|104.79|104.79
239522.00|38.00|168.40|22.00|110  |  162.00|168.40|-0.29|104.79|104.79
239688.00|37.00|167.54|22.00|110  |  162.00|167.54|-0.26|104.79|104.79
239700.00|38.00|166.68|22.00|110  |  162.00|166.68|-0.22|104.79|104.79
239775.00|39.00|165.81|22.00|110  |  162.00|165.81|-0.19|104.79|104.79
239941.00|39.00|164.95|22.00|110  |  162.00|164.95|-0.15|104.79|104.79
239953.00|42.00|164.10|22.00|110  |  162.00|164.10|-0.12|104.79|104.79
240028.00|43.00|163.32|22.00|110  |  162.00|163.32|-0.08|104.79|104.79
240194.00|43.00|162.59|22.00|110  |  162.00|162.59|-0.05|104.79|104.79
240208.00|43.00|161.85|22.00|110  |  162.00|161.85|-0.02|104.79|104.79
240283.00|40.00|161.01|22.00|110  |  162.00|161.01|0.01|104.79|104.79
240448.00|40.00|160.21|22.00|110  |  162.00|160.21|0.04|104.79|104.79
240458.00|39.00|159.41|22.00|110  |  162.00|159.41|0.07|104.79|104.79
240532.00|38.00|158.88|22.00|110  |  162.00|158.88|0.10|104.79|104.79
240697.00|37.00|158.79|22.00|110  |  162.00|158.79|0.12|104.79|104.79
240710.00|36.00|158.69|22.00|110  |  162.00|158.69|0.13|104.79|104.79
240784.00|38.00|158.83|22.00|110  |  162.00|158.83|0.13|104.79|104.79
240949.00|37.00|158.95|22.00|110  |  162.00|158.95|0.13|104.79|104.79
240961.00|36.00|159.06|22.00|110  |  162.00|159.06|0.12|104.79|104.79
241035.00|35.00|159.20|22.00|110  |  162.00|159.20|0.12|104.79|104.79
241200.00|34.00|159.27|22.00|110  |  162.00|159.27|0.11|104.79|104.79
241213.00|35.00|159.33|22.00|110  |  162.00|159.33|0.11|104.79|104.79
241287.00|35.00|159.29|22.00|110  |  162.00|159.29|0.11|104.79|104.79
241451.00|34.00|159.27|22.00|110  |  162.00|159.27|0.11|104.79|104.79
241464.00|35.00|159.25|22.00|110  |  162.00|159.25|0.11|104.79|104.79
241538.00|34.00|159.34|22.00|110  |  162.00|159.34|0.11|104.79|104.79
241701.00|35.00|159.36|22.00|110  |  162.00|159.36|0.11|104.79|104.79
241712.00|35.00|159.38|22.00|110  |  162.00|159.38|0.11|104.79|104.79
241785.00|36.00|159.30|22.00|110  |  162.00|159.30|0.10|104.79|104.79
241950.00|36.00|159.21|22.00|110  |  162.00|159.21|0.11|104.79|104.79
241964.00|35.00|159.12|22.00|110  |  162.00|159.12|0.11|104.79|104.79
242037.00|35.00|159.02|22.00|110  |  162.00|159.02|0.12|104.79|104.79
242202.00|36.00|158.93|22.00|110  |  162.00|158.93|0.12|104.79|104.79
242214.00|37.00|158.84|22.00|110  |  162.00|158.84|0.12|104.79|104.79
242288.00|39.00|158.77|22.00|110  |  162.00|158.77|0.13|104.79|104.79
242453.00|38.00|158.71|22.00|110  |  162.00|158.71|0.13|104.79|104.79
242465.00|39.00|158.66|22.00|110  |  162.00|158.66|0.13|104.79|104.79
242540.00|39.00|158.57|22.00|110  |  162.00|158.57|0.13|104.79|104.79
242704.00|41.00|158.51|22.00|110  |  162.00|158.51|0.14|104.79|104.79
242716.00|42.00|158.44|22.00|110  |  162.00|158.44|0.14|104.79|104.79
242790.00|43.00|158.44|22.00|110  |  162.00|158.44|0.14|104.79|104.79
242955.00|41.00|158.38|22.00|110  |  162.00|158.38|0.14|104.79|104.79
242965.00|43.00|158.33|22.00|110  |  162.00|158.33|0.14|104.79|104.79
243039.00|44.00|158.28|22.00|110  |  162.00|158.28|0.15|104.79|104.79
243204.00|43.00|158.30|22.00|110  |  162.00|158.30|0.15|104.79|104.79
243216.00|41.00|158.32|22.00|110  |  162.00|158.32|0.15|104.79|104.79
243290.00|40.00|158.36|22.00|110  |  162.00|158.36|0.15|104.79|104.79
243454.00|37.00|158.42|22.00|110  |  162.00|158.42|0.15|104.79|104.79
243467.00|39.00|158.48|22.00|110  |  162.00|158.48|0.14|104.79|104.79
243542.00|37.00|158.51|22.00|110  |  162.00|158.51|0.14|104.79|104.79
243705.00|36.00|158.49|22.00|110  |  162.00|158.49|0.14|104.79|104.79
243718.00|36.00|158.47|22.00|110  |  162.00|158.47|0.14|104.79|104.79
243791.00|36.00|158.45|22.00|110  |  162.00|158.45|0.14|104.79|104.79
243956.00|36.00|158.47|22.00|110  |  162.00|158.47|0.14|104.79|104.79
243968.00|36.00|158.49|22.00|110  |  162.00|158.49|0.14|104.79|104.79
244041.00|36.00|158.55|22.00|110  |  162.00|158.55|0.14|104.79|104.79
244206.00|39.00|158.56|22.00|110  |  162.00|158.56|0.14|104.79|104.79
244218.00|40.00|158.56|22.00|110  |  162.00|158.56|0.14|104.79|104.79
244292.00|41.00|158.52|22.00|110  |  162.00|158.52|0.14|104.79|104.79
244457.00|41.00|158.47|22.00|110  |  162.00|158.47|0.14|104.79|104.79
244470.00|42.00|158.43|22.00|110  |  162.00|158.43|0.14|104.79|104.79
244544.00|42.00|158.35|22.00|110  |  162.00|158.35|0.14|104.79|104.79
244708.00|40.00|158.32|22.00|110  |  162.00|158.32|0.15|104.79|104.79
244721.00|38.00|158.28|22.00|110  |  162.00|158.28|0.15|104.79|104.79
244795.00|37.00|158.27|22.00|110  |  162.00|158.27|0.15|104.79|104.79
244959.00|36.00|158.24|22.00|110  |  162.00|158.24|0.15|104.79|104.79
244972.00|35.00|158.21|22.00|110  |  162.00|158.21|0.15|104.79|104.79
245046.00|34.00|158.19|22.00|110  |  162.00|158.19|0.15|104.79|104.79
245211.00|36.00|158.17|22.00|110  |  162.00|158.17|0.15|104.79|104.79
245221.00|36.00|158.15|22.00|110  |  162.00|158.15|0.15|104.79|104.79
245295.00|36.00|158.15|22.00|110  |  162.00|158.15|0.15|104.79|104.79
245459.00|36.00|158.15|22.00|110  |  162.00|158.15|0.15|104.79|104.79
245472.00|37.00|158.15|22.00|110  |  162.00|158.15|0.15|104.79|104.79
245547.00|37.00|158.12|22.00|110  |  162.00|158.12|0.15|104.79|104.79
245710.00|38.00|158.11|22.00|110  |  162.00|158.11|0.16|104.79|104.79
245723.00|37.00|158.12|22.00|110  |  162.00|158.12|0.16|104.79|104.79
245796.00|37.00|158.14|22.00|110  |  162.00|158.14|0.16|104.79|104.79
245961.00|40.00|158.13|22.00|110  |  162.00|158.13|0.15|104.79|104.79
245971.00|40.00|158.09|22.00|110  |  162.00|158.09|0.15|104.79|104.79
246045.00|39.00|158.10|22.00|110  |  162.00|158.10|0.16|104.79|104.79
246210.00|40.00|158.17|22.00|110  |  162.00|158.17|0.16|104.79|104.79
246222.00|39.00|158.24|22.00|110  |  162.00|158.24|0.15|104.79|104.79
246296.00|38.00|158.28|22.00|110  |  162.00|158.28|0.15|104.79|104.79
246461.00|40.00|158.24|22.00|110  |  162.00|158.24|0.15|104.79|104.79
246472.00|40.00|158.20|22.00|110  |  162.00|158.20|0.15|104.79|104.79
246546.00|38.00|158.14|22.00|110  |  162.00|158.14|0.15|104.79|104.79
246711.00|41.00|158.09|22.00|110  |  162.00|158.09|0.15|104.79|104.79
246722.00|45.00|158.05|22.00|110  |  162.00|158.05|0.16|104.79|104.79
246796.00|46.00|158.02|22.00|110  |  162.00|158.02|0.16|104.79|104.79
246961.00|47.00|158.05|22.00|110  |  162.00|158.05|0.16|104.79|104.79
246973.00|45.00|158.09|22.00|110  |  162.00|158.09|0.16|104.79|104.79
247048.00|44.00|158.11|22.00|110  |  162.00|158.11|0.16|104.79|104.79
247212.00|44.00|158.10|22.00|110  |  162.00|158.10|0.16|104.79|104.79
247224.00|40.00|158.08|22.00|110  |  162.00|158.08|0.16|104.79|104.79
247298.00|36.00|157.99|22.00|110  |  162.00|157.99|0.16|104.79|104.79
247462.00|36.00|157.84|22.00|110  |  162.00|157.84|0.16|104.79|104.79
247476.00|36.00|157.70|22.00|110  |  162.00|157.70|0.17|104.79|104.79
247549.00|36.00|157.57|22.00|110  |  162.00|157.57|0.17|104.79|104.79
247714.00|35.00|157.49|22.00|110  |  162.00|157.49|0.18|104.79|104.79
247727.00|36.00|157.41|22.00|110  |  162.00|157.41|0.18|104.79|104.79
247800.00|37.00|157.32|22.00|110  |  162.00|157.32|0.18|104.79|104.79
247965.00|38.00|157.27|22.00|110  |  162.00|157.27|0.19|104.79|104.79
247977.00|39.00|157.21|22.00|110  |  162.00|157.21|0.19|104.79|104.79
248051.00|38.00|157.22|22.00|110  |  162.00|157.22|0.19|104.79|104.79
248216.00|39.00|157.19|22.00|110  |  162.00|157.19|0.19|104.79|104.79
248227.00|39.00|157.15|22.00|110  |  162.00|157.15|0.19|104.79|104.79
248302.00|40.00|157.06|22.00|110  |  162.00|157.06|0.19|104.79|104.79
248466.00|40.00|157.04|22.00|110  |  162.00|157.04|0.20|104.79|104.79
248478.00|39.00|157.02|22.00|110  |  162.00|157.02|0.20|104.79|104.79
248552.00|39.00|157.11|22.00|110  |  162.00|157.11|0.20|104.79|104.79
248717.00|39.00|157.20|22.00|110  |  162.00|157.20|0.20|104.79|104.79
248729.00|40.00|157.30|22.00|110  |  162.00|157.30|0.19|104.79|104.79
248803.00|40.00|157.28|22.00|110  |  162.00|157.28|0.19|104.79|104.79
248968.00|40.00|157.28|22.00|110  |  162.00|157.28|0.19|104.79|104.79
248980.00|40.00|157.27|22.00|110  |  162.00|157.27|0.19|104.79|104.79
249054.00|39.00|157.36|22.00|110  |  162.00|157.36|0.19|104.79|104.79
249219.00|39.00|157.42|22.00|110  |  162.00|157.42|0.19|104.79|104.79
249230.00|40.00|157.49|22.00|110  |  162.00|157.49|0.18|104.79|104.79
249304.00|39.00|157.52|22.00|110  |  162.00|157.52|0.18|104.79|104.79
249468.00|39.00|157.57|22.00|110  |  162.00|157.57|0.18|104.79|104.79
249481.00|39.00|157.62|22.00|110  |  162.00|157.62|0.18|104.79|104.79
249554.00|40.00|157.70|22.00|110  |  162.00|157.70|0.18|104.79|104.79
249719.00|41.00|157.71|22.00|110  |  162.00|157.71|0.17|104.79|104.79
249732.00|41.00|157.72|22.00|110  |  162.00|157.72|0.17|104.79|104.79
249805.00|39.00|157.63|22.00|110  |  162.00|157.63|0.17|104.79|104.79
249970.00|38.00|157.56|22.00|110  |  162.00|157.56|0.17|104.79|104.79
249981.00|38.00|157.48|22.00|110  |  162.00|157.48|0.18|104.79|104.79
250055.00|36.00|157.48|22.00|110  |  162.00|157.48|0.18|104.79|104.79
250220.00|37.00|157.57|22.00|110  |  162.00|157.57|0.18|104.79|104.79
250231.00|37.00|157.67|22.00|110  |  162.00|157.67|0.18|104.79|104.79
250305.00|37.00|157.81|22.00|110  |  162.00|157.81|0.17|104.79|104.79
250470.00|36.00|157.85|22.00|110  |  162.00|157.85|0.17|104.79|104.79
250482.00|36.00|157.88|22.00|110  |  162.00|157.88|0.17|104.79|104.79
250556.00|36.00|157.85|22.00|110  |  162.00|157.85|0.16|104.79|104.79
250721.00|38.00|157.81|22.00|110  |  162.00|157.81|0.17|104.79|104.79
250732.00|38.00|157.77|22.00|110  |  162.00|157.77|0.17|104.79|104.79
250806.00|39.00|157.76|22.00|110  |  162.00|157.76|0.17|104.79|104.79
250971.00|39.00|157.77|22.00|110  |  162.00|157.77|0.17|104.79|104.79
250983.00|40.00|157.78|22.00|110  |  162.00|157.78|0.17|104.79|104.79
251057.00|39.00|157.78|22.00|110  |  162.00|157.78|0.17|104.79|104.79
251222.00|39.00|157.77|22.00|110  |  162.00|157.77|0.17|104.79|104.79
251234.00|38.00|157.76|22.00|110  |  162.00|157.76|0.17|104.79|104.79
251308.00|38.00|157.76|22.00|110  |  162.00|157.76|0.17|104.79|104.79
251472.00|38.00|157.75|22.00|110  |  162.00|157.75|0.17|104.79|104.79
251484.00|38.00|157.72|22.00|110  |  162.00|157.72|0.17|104.79|104.79
251557.00|41.00|157.69|22.00|110  |  162.00|157.69|0.17|104.79|104.79
251722.00|42.00|157.68|22.00|110  |  162.00|157.68|0.17|104.79|104.79
251732.00|41.00|157.70|22.00|110  |  162.00|157.70|0.17|104.79|104.79
251806.00|42.00|157.78|22.00|110  |  162.00|157.78|0.17|104.79|104.79
251971.00|41.00|157.87|22.00|110  |  162.00|157.87|0.17|104.79|104.79
251983.00|41.00|157.96|22.00|110  |  162.00|157.96|0.17|104.79|104.79
252057.00|42.00|157.98|22.00|110  |  162.00|157.98|0.16|104.79|104.79
252222.00|39.00|157.98|22.00|110  |  162.00|157.98|0.16|104.79|104.79
252234.00|42.00|157.99|22.00|110  |  162.00|157.99|0.16|104.79|104.79
252308.00|44.00|158.01|22.00|110  |  162.00|158.01|0.16|104.79|104.79
252473.00|44.00|158.05|22.00|110  |  162.00|158.05|0.16|104.79|104.79
252484.00|46.00|158.06|22.00|110  |  162.00|158.06|0.16|104.79|104.79
252558.00|44.00|158.11|22.00|110  |  162.00|158.11|0.16|104.79|104.79
252723.00|43.00|158.19|22.00|110  |  162.00|158.19|0.16|104.79|104.79
252734.00|42.00|158.27|22.00|110  |  162.00|158.27|0.15|104.79|104.79
252808.00|40.00|158.38|22.00|110  |  162.00|158.38|0.15|104.79|104.79
252973.00|40.00|158.41|22.00|110  |  162.00|158.41|0.14|104.79|104.79
252984.00|38.00|158.40|22.00|110  |  162.00|158.40|0.14|104.79|104.79
253058.00|37.00|158.33|22.00|110  |  162.00|158.33|0.14|104.79|104.79
253222.00|36.00|158.32|22.00|110  |  162.00|158.32|0.15|104.79|104.79
253234.00|36.00|158.35|22.00|110  |  162.00|158.35|0.15|104.79|104.79
253307.00|36.00|158.42|22.00|110  |  162.00|158.42|0.15|104.79|104.79
253472.00|35.00|158.4