121185	24	3.86	5	92	0	24	0	0	0
121330	24	3.85	5	92	0	24	0	0	0
121342	24	3.84	5	93	0	24	0	0	0
121397	24	3.83	5	93	0	24	0	0	0
121542	24	3.83	5	93	0	24	0	0	0
121555	24	3.83	5	93	0	24	0	0	0
121610	24	3.83	5	93	0	24	0	0	0
121755	24	3.83	5	93	0	24	0	0	0
121766	24	3.83	5	92	0	24	0	0	0
121820	24	3.83	5	92	0	24	0	0	0
121965	24	3.84	5	93	0	24	0	0	0
121976	24	3.86	5	93	0	24	0	0	0
122031	24	3.88	5	92	0	24	0	0	0
122176	24	3.88	5	93	0	24	0	0	0
122187	24	3.88	5	92	0	24	0	0	0
122242	24	3.89	5	93	0	24	0	0	0
122387	24	3.9	5	93	0	24	0	0	0
122399	24	3.91	5	93	0	24	0	0	0
122452	24	3.92	5	92	0	24	0	0	0
122598	24	3.93	5	92	0	24	0	0	0
122610	24	3.92	5	93	0	24	0	0	0
122663	24	3.92	5	93	0	24	0	0	0
122809	24	3.92	5	93	0	24	0	0	0
122821	24	3.91	5	92	0	24	0	0	0
122874	24	3.91	5	92	0	24	0	0	0
123020	24	3.93	5	93	0	24	0	0	0
123032	24	3.94	5	93	0	24	0	0	0
123085	24	3.93	5	93	0	24	0	0	0
123231	24	3.91	5	92	0	24	0	0	0
123243	24	3.9	5	93	0	24	0	0	0
123296	24	3.9	5	92	0	24	0	0	0
123442	24	3.9	5	92	0	24	0	0	0
123453	24	3.9	5	93	0	24	0	0	0
123507	24	3.89	5	92	0	24	0	0	0
123653	24	3.89	5	93	0	24	0	0	0
123664	24	3.89	5	93	0	24	0	0	0
123717	24	3.89	5	93	0	24	0	0	0
123863	24	3.87	5	92	0	24	0	0	0
123874	24	3.86	5	92	0	24	0	0	0
123928	24	3.85	5	92	0	24	0	0	0
124073	24	3.86	5	93	0	24	0	0	0
124084	24	3.87	5	92	0	24	0	0	0
124138	24	3.86	5	93	0	24	0	0	0
124283	24	3.86	5	92	0	24	0	0	0
124294	24	3.87	5	92	0	24	0	0	0
124348	24	3.88	5	92	0	24	0	0	0
124493	24	3.89	5	92	0	24	0	0	0
124504	24	3.89	5	92	0	24	0	0	0
124558	24	3.89	5	93	0	24	0	0	0
124703	24	3.9	5	93	0	24	0	0	0
124715	24	3.9	5	93	0	24	0	0	0
124769	24	3.9	5	93	0	24	0	0	0
124914	24	3.9	5	92	0	24	0	0	0
124924	24	3.91	5	93	0	24	0	0	0
124979	24	3.92	5	92	0	24	0	0	0
125124	24	3.92	5	93	0	24	0	0	0
125133	24	3.93	5	93	0	24	0	0	0
125188	24	3.92	5	93	0	24	0	0	0
125333	24	3.93	5	93	0	24	0	0	0
125343	24	3.93	5	92	0	24	0	0	0
125396	24	3.94	5	92	0	24	0	0	0
125542	24	3.93	5	92	0	24	0	0	0
125552	24	3.92	5	93	0	24	0	0	0
125605	24	3.92	5	92	0	24	0	0	0
125751	24	3.93	5	93	0	24	0	0	0
125762	24	3.94	5	93	0	24	0	0	0
125815	24	3.94	5	92	0	24	0	0	0
125962	24	3.94	5	93	0	24	0	0	0
125972	24	3.93	5	93	0	24	0	0	0
126026	24	3.92	5	93	0	24	0	0	0
126172	24	3.91	5	93	0	24	0	0	0
126183	24	3.91	5	93	0	24	0	0	0
126237	24	3.92	5	93	0	24	0	0	0
126383	24	3.95	5	93	0	24	0	0	0
126392	24	3.96	5	93	0	24	0	0	0
126446	24	3.98	5	92	0	24	0	0	0
126592	24	3.96	5	93	0	24	0	0	0
126601	24	3.94	5	93	0	24	0	0	0
126655	24	3.94	5	93	0	24	0	0	0
126800	24	3.97	5	93	0	24	0	0	0
126810	24	3.99	5	93	0	24	0	0	0
126863	24	3.97	5	93	0	24	0	0	0
127009	24	3.96	5	93	0	24	0	0	0
127022	24	3.95	5	93	0	24	0	0	0
127076	24	3.96	5	93	0	24	0	0	0
127221	24	3.95	5	93	0	24	0	0	0
127234	24	3.95	5	92	0	24	0	0	0
127288	24	3.93	5	93	0	24	0	0	0
127433	24	3.93	5	93	0	24	0	0	0
127444	24	3.93	5	92	0	24	0	0	0
127499	24	3.91	5	92	0	24	0	0	0
127644	25	3.91	5	93	0	25	0	0	0
127656	25	3.92	5	93	0	25	0	0	0
127710	24	3.93	5	93	0	24	0	0	0
127856	24	3.93	5	93	0	24	0	0	0
127868	24	3.93	5	93	0	24	0	0	0
127923	25	3.94	5	93	0	25	0	0	0
128068	24	3.97	5	93	0	24	0	0	0
128079	24	4.01	5	93	0	24	0	0	0
128134	24	4.03	5	93	0	24	0	0	0
128279	24	4.04	5	92	0	24	0	0	0
128290	25	4.05	5	93	0	25	0	0	0
0	0	0	0	0	0	0	0	0	0
0	0	0	0	0	0	0	0	0	0
150144	25	4.08	5	93	35	25	8.33	93	93
150256	25	4.15	5	93	35	25	8.33	94.25	94.25
150265	25	4.22	5	93	35	25	8.33	95.5	95.5
150326	25	4.27	5	93	35	25	8.33	96.75	96.75
150391	25	4.31	5	93	35	25	8.33	98	98
150541	25	4.37	5	93	35	25	8.33	99.25	99.25
150551	26	4.43	5	93	35	26	8.33	100.5	100.5
150614	26	4.45	5	93	35	26	7.5	100.75	100.75
150766	26	4.43	5	93	35	26	7.5	101.87	101.87
150776	27	4.4	5	93	35	27	7.5	103	103
150841	28	4.41	5	93	35	28	6.67	103.12	103.12
150993	30	4.41	5	93	35	30	5.83	103.12	103.12
151004	32	4.36	5	93	35	32	4.17	102	102
151067	33	4.3	5	93	35	33	2.5	100.62	100.62
151220	36	4.33	5	93	35	36	1.67	100.62	100.62
151228	38	4.4	5	93	35	38	-0.83	100.62	100.62
151293	40	4.77	5	93	35	40	-2.5	95	95
151444	42	5.43	5	93	35	42	-4.17	92.62	92.62
151454	42	6.1	5	93	35	42	-5.83	90	90
151516	43	6.92	5	93	35	43	-5.83	89.12	89.12
151667	43	7.87	5	93	35	43	-6.67	87.25	87.25
151675	43	8.82	5	93	35	43	-6.67	87	86.25
151737	42	9.31	5	93	35	42	-6.67	87	85.25
151888	41	9.46	5	93	35	41	-5.83	87	85.25
151898	40	9.62	5	93	35	40	-5	87	85.37
151960	39	9.89	5	93	35	39	-4.17	87	85.62
152112	38	10.1	5	93	35	38	-3.33	87	86
152120	37	10.31	5	93	35	37	-2.5	87	86.5
152183	36	10.48	5	93	35	36	-1.67	87	86.5
152338	34	10.64	5	93	35	34	-0.83	87	86.5
152348	34	10.81	5	93	35	34	0.83	87	86.5
152412	33	10.84	5	93	35	33	0.83	87	86.5
152564	32	10.55	5	93	35	32	1.67	87	86.5
152576	31	10.25	5	93	35	31	2.5	92.12	92.12
152638	30	9.64	5	93	35	30	3.33	93.5	93.5
152787	29	8.81	5	93	35	29	4.17	95	95
152799	29	7.97	5	93	35	29	5	96.62	96.62
152859	29	7.49	5	93	35	29	5	97.37	97.37
153010	29	7	5	93	35	29	5	98.12	98.12
153018	29	6.5	5	93	35	29	5	98.87	98.87
153078	29	5.83	5	93	35	29	5	99.62	99.62
153228	30	5.54	5	93	35	30	5	100.37	100.37
153236	31	5.25	5	93	35	31	4.17	100.12	100.12
153299	31	5.04	5	93	35	31	3.33	99.75	99.75
153450	32	4.85	5	93	35	32	3.33	100.25	100.25
153459	33	4.65	5	93	35	33	2.5	99.75	99.75
153522	33	4.55	5	93	35	33	1.67	99.75	99.75
153671	34	4.53	5	93	35	34	1.67	99.75	99.75
153681	35	4.51	5	93	35	35	0.83	99.75	99.75
153742	36	4.52	5	93	35	36	0	99.75	99.75
153891	37	4.64	5	93	35	37	-0.83	99.75	99.75
153901	37	4.76	5	93	35	37	-1.67	99.75	99.75
153963	38	4.94	5	93	35	38	-1.67	99.75	99.75
154114	39	5.2	5	93	35	39	-2.5	94.12	94.12
154122	39	5.47	5	93	35	39	-3.33	92.75	92.75
154183	40	5.64	5	93	35	40	-3.33	92.25	92.25
154335	40	5.88	5	93	35	40	-4.17	90.75	90.75
154345	40	6.11	5	93	35	40	-4.17	90.12	90.12
154406	40	6.57	5	93	35	40	-4.17	89.5	89.5
154558	39	6.97	5	93	35	39	-4.17	88.87	88.87
154568	39	7.38	5	93	35	39	-3.33	89.25	89.25
154630	39	7.73	5	93	35	39	-3.33	88.75	88.75
154781	38	8	5	93	35	38	-3.33	88.25	88.25
154791	37	8.28	5	93	35	37	-2.5	88.75	88.75
154853	36	8.4	5	93	35	36	-1.67	88.75	88.75
155004	35	8.43	5	93	35	35	-0.83	88.75	88.75
155013	34	8.47	5	93	35	34	0	88.75	88.75
155074	33	8.48	5	93	35	33	0.83	88.75	88.75
155224	32	8.39	5	93	35	32	1.67	88.75	88.75
155235	31	8.31	5	93	35	31	2.5	94.37	94.37
155295	30	8.19	5	93	35	30	3.33	95.75	95.75
155446	29	7.99	5	93	35	29	4.17	97.25	97.25
155457	29	7.8	5	93	35	29	5	98.87	98.87
155516	29	7.66	5	93	35	29	5	99.62	99.62
155667	28	7.45	5	93	35	28	5	100.37	100.37
155675	29	7.23	5	93	35	29	5.83	102.12	102.12
155740	29	6.83	5	93	35	29	5	102	102
155892	31	6.45	5	93	35	31	5	102.75	102.75
155900	32	6.07	5	93	35	32	3.33	101.5	101.5
155964	34	5.7	5	93	35	34	2.5	101	101
156116	35	5.5	5	93	35	35	0.83	101	101
156126	37	5.3	5	93	35	37	0	101	101
156190	39	5.41	5	93	35	39	-1.67	101	101
156344	41	5.74	5	93	35	41	-3.33	94.37	94.37
156353	42	6.06	5	93	35	42	-5	91.87	91.87
156416	42	6.56	5	93	35	42	-5.83	90.12	90.12
156566	43	7.32	5	93	35	43	-5.83	89.25	89.25
156574	43	8.08	5	93	35	43	-6.67	87.37	87.37
156637	43	8.57	5	93	35	43	-6.67	87	86.37
156787	42	8.92	5	93	35	42	-6.67	87	85.37
156796	41	9.27	5	93	35	41	-5.83	87	85.37
156858	40	9.77	5	93	35	40	-5	87	85.5
157009	39	10.02	5	93	35	39	-4.17	87	85.75
157018	38	10.27	5	93	35	38	-3.33	87	86.12
157081	37	10.44	5	93	35	37	-2.5	87	86.62
157235	36	10.67	5	93	35	36	-1.67	87	86.62
157246	35	10.89	5	93	35	35	-0.83	87	86.62
157309	34	11.02	5	93	35	34	0	87	86.62
157462	33	11.01	5	93	35	33	0.83	87	86.62
157473	32	11.01	5	93	35	32	1.67	87	86.62
157536	32	10.92	5	93	35	32	2.5	92.25	92.25
157688	31	10.66	5	93	35	31	2.5	92.62	92.62
157701	30	10.13	5	93	35	30	3.33	94	94
157762	30	9.68	5	93	35	30	4.17	95.5	95.5
157913	29	8.9	5	93	35	29	4.17	96.12	96.12
157921	29	8.4	5	93	35	29	5	97.75	97.75
157980	29	7.55	5	93	35	29	5	98.5	98.5
158131	30	7.06	5	93	35	30	5	99.25	99.25
158139	29	6.56	5	93	35	29	4.17	99	99
158199	30	6.36	5	93	35	30	5	100.62	100.62
158351	31	6.25	5	93	35	31	4.17	100.37	100.37
158362	31	6.09	5	93	35	31	3.33	100	100
158427	31	5.99	5	93	35	31	3.33	100.5	100.5
158578	32	5.92	5	93	35	32	3.33	101	101
158586	33	5.92	5	93	35	33	2.5	100.5	100.5
158651	35	5.94	5	93	35	35	1.67	100.5	100.5
158802	36	6.06	5	93	35	36	0	100.5	100.5
158811	37	6.17	5	93	35	37	-0.83	100.5	100.5
158875	38	6.32	5	93	35	38	-1.67	100.5	100.5
159029	40	6.56	5	93	35	40	-2.5	94.87	94.87
159037	40	6.8	5	93	35	40	-4.17	92.5	92.5
159099	41	6.96	5	93	35	41	-4.17	91.87	91.87
159250	42	7.24	5	93	35	42	-5	90.25	90.25
159260	42	7.53	5	93	35	42	-5.83	88.5	88.5
159322	42	8.11	5	93	35	42	-5.83	87.62	87.62
159473	41	8.64	5	93	35	41	-5.83	87	86.75
159480	40	9.18	5	93	35	40	-5	87	86.87
159543	40	9.55	5	93	35	40	-4.17	87.12	87.12
159694	38	9.77	5	93	35	38	-4.17	87	86.5
159704	37	9.99	5	93	35	37	-2.5	87.87	87.87
159765	36	10.07	5	93	35	36	-1.67	87.87	87.87
159919	35	10.09	5	93	35	35	-0.83	87.87	87.87
159929	34	10.1	5	93	35	34	0	87.87	87.87
159992	33	10.08	5	93	35	33	0.83	87.87	87.87
160145	32	9.98	5	93	35	32	1.67	87.87	87.87
160156	31	9.81	5	93	35	31	2.5	93.5	93.5
160217	31	9.68	5	93	35	31	3.33	94.87	94.87
160366	30	9.46	5	93	35	30	3.33	95.37	95.37
160375	30	9.31	5	93	35	30	4.17	96.87	96.87
160435	29	8.87	5	93	35	29	4.17	97.5	97.5
160585	29	8.27	5	93	35	29	5	99.12	99.12
160595	29	7.67	5	93	35	29	5	99.87	99.87
160656	30	7.11	5	93	35	30	5	100.62	100.62
160808	31	6.71	5	93	35	31	4.17	100.37	100.37
160816	33	6.18	5	93	35	33	3.33	100	100
160879	33	5.91	5	93	35	33	1.67	100	100
161032	35	5.75	5	93	35	35	1.67	100	100
161040	36	5.72	5	93	35	36	0	100	100
161104	37	5.66	5	93	35	37	-0.83	100	100
161257	38	5.76	5	93	35	38	-1.67	100	100
161266	39	5.86	5	93	35	39	-2.5	93.5	93.5
161330	39	5.98	5	93	35	39	-3.33	92.12	92.12
161481	39	6.2	5	93	35	39	-3.33	91.62	91.62
161490	39	6.43	5	93	35	39	-3.33	91.12	91.12
161553	40	6.64	5	93	35	40	-3.33	90.62	90.62
161703	40	6.75	5	93	35	40	-4.17	89.12	89.12
161712	40	6.86	5	93	35	40	-4.17	88.5	88.5
161773	39	7.09	5	93	35	39	-4.17	87.87	87.87
161925	38	7.28	5	93	35	38	-3.33	88.25	88.25
161935	37	7.48	5	93	35	37	-2.5	88.75	88.75
161997	36	7.63	5	93	35	36	-1.67	88.75	88.75
162148	35	7.79	5	93	35	35	-0.83	88.75	88.75
162158	34	7.95	5	93	35	34	0	88.75	88.75
162220	33	8.02	5	93	35	33	0.83	88.75	88.75
162369	32	8.04	5	93	35	32	1.67	88.75	88.75
162378	31	8.06	5	93	35	31	2.5	94.37	94.37
162439	30	8.08	5	93	35	30	3.33	95.75	95.75
162588	30	7.95	5	93	35	30	4.17	97.25	97.25
162597	30	7.82	5	93	35	30	4.17	97.87	97.87
162657	29	7.6	5	93	35	29	4.17	98.5	98.5
162807	29	7.27	5	93	35	29	5	100.12	100.12
162819	29	6.94	5	93	35	29	5	100.87	100.87
162883	29	6.69	5	93	35	29	5	101.62	101.62
163035	31	6.54	5	93	35	31	5	102.37	102.37
163043	32	6.39	5	93	35	32	3.33	101.12	101.12
163107	33	6.07	5	93	35	33	2.5	100.62	100.62
163259	34	5.83	5	93	35	34	1.67	100.62	100.62
163267	36	5.56	5	93	35	36	0.83	100.62	100.62
163331	37	5.46	5	93	35	37	-0.83	100.62	100.62
163484	39	5.51	5	93	35	39	-1.67	100.62	100.62
163491	39	5.59	5	93	35	39	-3.33	94	94
163556	40	5.82	5	93	35	40	-3.33	93.5	93.5
163706	41	6.17	5	93	35	41	-4.17	92	92
163714	42	6.51	5	93	35	42	-5	90.37	90.37
163776	42	6.99	5	93	35	42	-5.83	88.62	88.62
163928	41	7.5	5	93	35	41	-5.83	87.75	87.75
163938	41	8.01	5	93	35	41	-5	87.87	87.87
163999	40	8.23	5	93	35	40	-5	87.12	87.12
164151	39	8.31	5	93	35	39	-4.17	87.37	87.37
164159	38	8.38	5	93	35	38	-3.33	87.75	87.75
164221	37	8.54	5	93	35	37	-2.5	88.25	88.25
164372	35	8.73	5	93	35	35	-1.67	88.25	88.25
164380	35	8.93	5	93	35	35	0	88.25	88.25
164442	34	9.07	5	93	35	34	0	88.25	88.25
164592	33	9.09	5	93	35	33	0.83	88.25	88.25
164603	32	9.11	5	93	35	32	1.67	88.25	88.25
164663	31	9.09	5	93	35	31	2.5	93.87	93.87
164813	30	9	5	93	35	30	3.33	95.25	95.25
164824	30	8.9	5	93	35	30	4.17	96.75	96.75
164883	30	8.64	5	93	35	30	4.17	97.37	97.37
165033	30	8.22	5	93	35	30	4.17	98	98
165045	30	7.8	5	93	35	30	4.17	98.62	98.62
165105	30	7.24	5	93	35	30	4.17	99.25	99.25
165256	30	6.7	5	93	35	30	4.17	99.87	99.87
165265	31	6.16	5	93	35	31	4.17	100.5	100.5
165326	32	5.93	5	93	35	32	3.33	100.12	100.12
165479	33	5.84	5	93	35	33	2.5	99.62	99.62
165486	33	5.75	5	93	35	33	1.67	99.62	99.62
165547	34	5.61	5	93	35	34	1.67	99.62	99.62
165696	36	5.56	5	93	35	36	0.83	99.62	99.62
165705	36	5.52	5	93	35	36	-0.83	99.62	99.62
165766	37	5.55	5	93	35	37	-0.83	99.62	99.62
165917	37	5.64	5	93	35	37	-1.67	99.62	99.62
165925	38	5.73	5	93	35	38	-1.67	99.62	99.62
165987	39	5.78	5	93	35	39	-2.5	94	94
166138	39	5.91	5	93	35	39	-3.33	92.62	92.62
166149	40	6.04	5	93	35	40	-3.33	92.12	92.12
166210	40	6.32	5	93	35	40	-4.17	90.62	90.62
166362	40	6.65	5	93	35	40	-4.17	90	90
166370	40	6.97	5	93	35	40	-4.17	89.37	89.37
166432	39	7.25	5	93	35	39	-4.17	88.75	88.75
166583	38	7.49	5	93	35	38	-3.33	89.12	89.12
166594	38	7.73	5	93	35	38	-2.5	89.62	89.62
166656	37	7.85	5	93	35	37	-2.5	89.25	89.25
166807	36	7.93	5	93	35	36	-1.67	89.25	89.25
166815	36	8.01	5	93	35	36	-0.83	89.25	89.25
166878	35	8.12	5	93	35	35	-0.83	89.25	89.25
167029	34	8.13	5	93	35	34	0	89.25	89.25
167037	34	8.14	5	93	35	34	0.83	89.25	89.25
167098	33	8.08	5	93	35	33	0.83	89.25	89.25
167247	33	7.99	5	93	35	33	1.67	89.25	89.25
167258	32	7.91	5	93	35	32	1.67	89.25	89.25
167317	31	7.86	5	93	35	31	2.5	94.87	94.87
167468	31	7.73	5	93	35	31	3.33	96.25	96.25
167477	30	7.59	5	93	35	30	3.33	96.75	96.75
167536	30	7.29	5	93	35	30	4.17	98.25	98.25
167687	30	6.97	5	93	35	30	4.17	98.87	98.87
167696	30	6.65	5	93	35	30	4.17	99.5	99.5
167756	30	6.36	5	93	35	30	4.17	100.12	100.12
167909	31	6.1	5	93	35	31	4.17	100.75	100.75
167919	32	5.84	5	93	35	32	3.33	100.37	100.37
167984	33	5.71	5	93	35	33	2.5	99.87	99.87
168133	34	5.69	5	93	35	34	1.67	99.87	99.87
168141	35	5.67	5	93	35	35	0.83	99.87	99.87
168201	36	5.66	5	93	35	36	0	99.87	99.87
168351	37	5.76	5	93	35	37	-0.83	99.87	99.87
168361	38	5.9	5	93	35	38	-1.67	99.87	99.87
168423	38	6.03	5	93	35	38	-2.5	94.25	94.25
168574	39	6.21	5	93	35	39	-2.5	93.87	93.87
168583	39	6.34	5	93	35	39	-3.33	92.5	92.5
168645	40	6.48	5	93	35	40	-3.33	92	92
168797	40	6.65	5	93	35	40	-4.17	90.5	90.5
168805	39	6.83	5	93	35	39	-4.17	89.87	89.87
168867	39	7.17	5	93	35	39	-3.33	90.25	90.25
169018	39	7.5	5	93	35	39	-3.33	89.75	89.75
169029	38	8	5	93	35	38	-3.33	89.25	89.25
169091	37	8.32	5	93	35	37	-2.5	89.75	89.75
169242	37	8.62	5	93	35	37	-1.67	89.75	89.75
169249	36	8.76	5	93	35	36	-1.67	89.75	89.75
169312	35	8.99	5	93	35	35	-0.83	89.75	89.75
169463	35	9.14	5	93	35	35	0	89.75	89.75
169474	34	9.28	5	93	35	34	0	89.75	89.75
169534	34	9.32	5	93	35	34	0.83	89.75	89.75
169684	33	9.34	5	93	35	33	0.83	89.75	89.75
169694	32	9.35	5	93	35	32	1.67	89.75	89.75
169753	32	9.36	5	93	35	32	2.5	95.37	95.37
169904	31	9.28	5	93	35	31	2.5	95.75	95.75
169915	31	9.2	5	93	35	31	3.33	97.12	97.12
169975	31	9.01	5	93	35	31	3.33	97.62	97.62
170126	31	8.79	5	93	35	31	3.33	98.12	98.12
170136	31	8.56	5	93	35	31	3.33	98.62	98.62
170196	31	8.35	5	93	35	31	3.33	99.12	99.12
170347	32	8.15	5	93	35	32	3.33	99.62	99.62
170354	33	7.95	5	93	35	33	2.5	99.12	99.12
170415	34	7.85	5	93	35	34	1.67	99.12	99.12
170564	34	7.82	5	93	35	34	0.83	99.12	99.12
170574	35	7.79	5	93	35	35	0.83	99.12	99.12
170635	36	7.75	5	93	35	36	0	99.12	99.12
170784	37	7.77	5	93	35	37	-0.83	99.12	99.12
170795	37	7.8	5	93	35	37	-1.67	99.12	99.12
170857	38	7.88	5	93	35	38	-1.67	99.12	99.12
171008	39	7.99	5	93	35	39	-2.5	93.5	93.5
171016	39	8.09	5	93	35	39	-3.33	92.12	92.12
171078	40	8.14	5	93	35	40	-3.33	91.62	91.62
171229	40	8.25	5	93	35	40	-4.17	90.12	90.12
171238	40	8.37	5	93	35	40	-4.17	89.5	89.5
171300	40	8.58	5	93	35	40	-4.17	88.87	88.87
171452	39	8.77	5	93	35	39	-4.17	88.25	88.25
171459	38	8.96	5	93	35	38	-3.33	88.62	88.62
171522	37	9.13	5	93	35	37	-2.5	89.12	89.12
171672	36	9.23	5	93	35	36	-1.67	89.12	89.12
171682	36	9.32	5	93	35	36	-0.83	89.12	89.12
171745	35	9.35	5	93	35	35	-0.83	89.12	89.12
171895	34	9.32	5	93	35	34	0	89.12	89.12
171907	34	9.29	5	93	35	34	0.83	89.12	89.12
171967	33	9.2	5	93	35	33	0.83	89.12	89.12
172118	33	9.06	5	93	35	33	1.67	89.12	89.12
172127	32	8.92	5	93	35	32	1.67	89.12	89.12
172186	31	8.75	5	93	35	31	2.5	94.75	94.75
172337	31	8.53	5	93	35	31	3.33	96.12	96.12
172348	30	8.32	5	93	35	30	3.33	96.62	96.62
172408	30	8.2	5	93	35	30	4.17	98.12	98.12
172559	30	8.02	5	93	35	30	4.17	98.75	98.75
172567	30	7.83	5	93	35	30	4.17	99.37	99.37
172626	30	7.49	5	93	35	30	4.17	100	100
172779	31	7.19	5	93	35	31	4.17	100.62	100.62
172789	32	6.88	5	93	35	32	3.33	100.25	100.25
172853	33	6.6	5	93	35	33	2.5	99.75	99.75
173003	34	6.44	5	93	35	34	1.67	99.75	99.75
173010	35	6.29	5	93	35	35	0.83	99.75	99.75
173071	36	6.27	5	93	35	36	0	99.75	99.75
173220	37	6.38	5	93	35	37	-0.83	99.75	99.75
173231	38	6.48	5	93	35	38	-1.67	99.75	99.75
173292	38	6.67	5	93	35	38	-2.5	94.12	94.12
173444	39	6.89	5	93	35	39	-2.5	93.75	93.75
173452	39	7.1	5	93	35	39	-3.33	92.37	92.37
173513	39	7.37	5	93	35	39	-3.33	91.87	91.87
173665	39	7.67	5	93	35	39	-3.33	91.37	91.37
173673	39	7.97	5	93	35	39	-3.33	90.87	90.87
173735	39	8.12	5	93	35	39	-3.33	90.37	90.37
173887	38	8.24	5	93	35	38	-3.33	89.87	89.87
173895	38	8.35	5	93	35	38	-2.5	90.37	90.37
173958	38	8.56	5	93	35	38	-2.5	90	90
174108	37	8.72	5	93	35	37	-2.5	89.62	89.62
174116	36	8.96	5	93	35	36	-1.67	89.62	89.62
174179	36	9.11	5	93	35	36	-0.83	89.62	89.62
174329	35	9.19	5	93	35	35	-0.83	89.62	89.62
174340	35	9.19	5	93	35	35	0	89.62	89.62
174401	34	9.19	5	93	35	34	0	89.62	89.62
174552	33	9.11	5	93	35	33	0.83	89.62	89.62
174563	33	9.04	5	93	35	33	1.67	89.62	89.62
174622	32	8.9	5	93	35	32	1.67	89.62	89.62
174773	31	8.71	5	93	35	31	2.5	95.25	95.25
174783	31	8.37	5	93	35	31	3.33	96.62	96.62
174843	30	8.1	5	93	35	30	3.33	97.12	97.12
174993	30	7.81	5	93	35	30	4.17	98.62	98.62
175004	30	7.67	5	93	35	30	4.17	99.25	99.25
175064	29	7.43	5	93	35	29	4.17	99.87	99.87
175214	30	7.25	5	93	35	30	5	101.5	101.5
175222	30	7.07	5	93	35	30	4.17	101.25	101.25
175287	31	6.93	5	93	35	31	4.17	101.87	101.87
175438	32	6.8	5	93	35	32	3.33	101.5	101.5
175450	33	6.68	5	93	35	33	2.5	101	101
175513	35	6.61	5	93	35	35	1.67	101	101
175666	37	6.63	5	93	35	37	0	101	101
175674	38	6.64	5	93	35	38	-1.67	101	101
175739	39	6.71	5	93	35	39	-2.5	95.37	95.37
175890	41	6.99	5	93	35	41	-3.33	94	94
175898	42	7.27	5	93	35	42	-5	91.5	91.5
175961	43	7.83	5	93	35	43	-5.83	89.75	89.75
176111	43	8.59	5	93	35	43	-6.67	87.87	87.87
176120	42	9.34	5	93	35	42	-6.67	87	86.87
176182	42	9.74	5	93	35	42	-5.83	87	86.87
176333	41	9.84	5	93	35	41	-5.83	87	86
176343	40	9.94	5	93	35	40	-5	87	86.12
176405	39	10.05	5	93	35	39	-4.17	87	86.37
176559	37	10.06	5	93	35	37	-3.33	87	86.75
176567	36	10.06	5	93	35	36	-1.67	87	86.75
176630	35	10.03	5	93	35	35	-0.83	87	86.75
176785	34	10.02	5	93	35	34	0	87	86.75
176794	33	10.01	5	93	35	33	0.83	87	86.75
176856	33	9.96	5	93	35	33	1.67	87	86.75
177008	32	9.79	5	93	35	32	1.67	87	86.75
177018	31	9.63	5	93	35	31	2.5	93.25	93.25
177079	30	9.23	5	93	35	30	3.33	94.62	94.62
177228	29	8.53	5	93	35	29	4.17	96.12	96.12
177238	29	7.37	5	93	35	29	5	97.75	97.75
177298	29	6.49	5	93	35	29	5	98.5	98.5
177447	29	5.87	5	93	35	29	5	99.25	99.25
177457	29	5.71	5	93	35	29	5	100	100
177518	30	5.49	5	93	35	30	5	100.75	100.75
177671	30	5.37	5	93	35	30	4.17	100.5	100.5
177680	32	5.26	5	93	35	32	4.17	101.12	101.12
177744	32	5.17	5	93	35	32	2.5	99.75	99.75
177895	33	5.14	5	93	35	33	2.5	100.12	100.12
177904	34	5.12	5	93	35	34	1.67	100.12	100.12
177968	36	5.13	5	93	35	36	0.83	100.12	100.12
178120	37	5.2	5	93	35	37	-0.83	100.12	100.12
178130	38	5.27	5	93	35	38	-1.67	100.12	100.12
178196	38	5.4	5	93	35	38	-2.5	94.5	94.5
178348	39	5.59	5	93	35	39	-2.5	94.12	94.12
178357	40	5.78	5	93	35	40	-3.33	92.75	92.75
178419	40	6.15	5	93	35	40	-4.17	91.25	91.25
178570	40	6.55	5	93	35	40	-4.17	90.62	90.62
178579	40	6.95	5	93	35	40	-4.17	90	90
178641	40	7.12	5	93	35	40	-4.17	89.37	89.37
178793	39	7.21	5	93	35	39	-4.17	88.75	88.75
178803	39	7.31	5	93	35	39	-3.33	89.12	89.12
178865	38	7.47	5	93	35	38	-3.33	88.62	88.62
179016	37	7.61	5	93	35	37	-2.5	89.12	89.12
179026	36	7.83	5	93	35	36	-1.67	89.12	89.12
179089	35	7.96	5	93	35	35	-0.83	89.12	89.12
179240	34	8.02	5	93	35	34	0	89.12	89.12
179248	34	8	5	93	35	34	0.83	89.12	89.12
179308	33	7.92	5	93	35	33	0.83	89.12	89.12
179459	32	7.79	5	93	35	32	1.67	89.12	89.12
179468	32	7.66	5	93	35	32	2.5	94.75	94.75
179528	31	7.48	5	93	35	31	2.5	95.12	95.12
179678	31	7.12	5	93	35	31	3.33	96.5	96.5
179689	31	6.58	5	93	35	31	3.33	97	97
179748	31	6.17	5	93	35	31	3.33	97.5	97.5
179899	30	5.89	5	93	35	30	3.33	98	98
179909	30	5.79	5	93	35	30	4.17	99.5	99.5
179970	31	5.6	5	93	35	31	4.17	100.12	100.12
180121	31	5.44	5	93	35	31	3.33	99.75	99.75
180130	32	5.27	5	93	35	32	3.33	100.25	100.25
180192	32	5.12	5	93	35	32	2.5	99.75	99.75
180342	33	5	5	93	35	33	2.5	100.12	100.12
180353	34	4.89	5	93	35	34	1.67	100.12	100.12
180416	36	4.85	5	93	35	36	0.83	100.12	100.12
180569	36	4.95	5	93	35	36	-0.83	100.12	100.12
180578	38	5.04	5	93	35	38	-0.83	100.12	100.12
180644	38	5.23	5	93	35	38	-2.5	94.5	94.5
180796	39	5.46	5	93	35	39	-2.5	94.12	94.12
180803	40	5.68	5	93	35	40	-3.33	92.75	92.75
180866	40	6.03	5	93	35	40	-4.17	91.25	91.25
181017	40	6.43	5	93	35	40	-4.17	90.62	90.62
181026	40	6.83	5	93	35	40	-4.17	90	90
181088	40	7.02	5	93	35	40	-4.17	89.37	89.37
181239	39	7.13	5	93	35	39	-4.17	88.75	88.75
181250	39	7.23	5	93	35	39	-3.33	89.12	89.12
181311	38	7.44	5	93	35	38	-3.33	88.62	88.62
181463	37	7.61	5	93	35	37	-2.5	89.12	89.12
181473	36	7.78	5	93	35	36	-1.67	89.12	89.12
181535	35	7.87	5	93	35	35	-0.83	89.12	89.12
181686	34	7.84	5	93	35	34	0	89.12	89.12
181694	34	7.8	5	93	35	34	0.83	89.12	89.12
181753	33	7.75	5	93	35	33	0.83	89.12	89.12
181904	32	7.63	5	93	35	32	1.67	89.12	89.12
181913	32	7.5	5	93	35	32	2.5	94.75	94.75
181974	31	7.26	5	93	35	31	2.5	95.12	95.12
182124	31	6.99	5	93	35	31	3.33	96.5	96.5
182133	30	6.72	5	93	35	30	3.33	97	97
182194	30	6.33	5	93	35	30	4.17	98.5	98.5
182344	30	5.89	5	93	35	30	4.17	99.12	99.12
182352	30	5.45	5	93	35	30	4.17	99.75	99.75
182413	31	5.25	5	93	35	31	4.17	100.37	100.37
182564	32	5.12	5	93	35	32	3.33	100	100
182574	32	4.99	5	93	35	32	2.5	99.5	99.5
182636	33	4.74	5	93	35	33	2.5	99.87	99.87
182786	34	4.6	5	93	35	34	1.67	99.87	99.87
182795	35	4.46	5	93	35	35	0.83	99.87	99.87
182855	36	4.49	5	93	35	36	0	99.87	99.87
183005	36	4.64	5	93	35	36	-0.83	99.87	99.87
183013	37	4.79	5	93	35	37	-0.83	99.87	99.87
183074	38	4.87	5	93	35	38	-1.67	99.87	99.87
183226	39	4.99	5	93	35	39	-2.5	94.25	94.25
183236	39	5.11	5	93	35	39	-3.33	92.87	92.87
183298	40	5.43	5	93	35	40	-3.33	92.37	92.37
183449	40	5.88	5	93	35	40	-4.17	90.87	90.87
183459	40	6.33	5	93	35	40	-4.17	90.25	90.25
183521	40	6.83	5	93	35	40	-4.17	89.62	89.62
183672	40	7.24	5	93	35	40	-4.17	89	89
183682	39	7.65	5	93	35	39	-4.17	88.37	88.37
183744	39	7.94	5	93	35	39	-3.33	88.75	88.75
183896	37	8.16	5	93	35	37	-3.33	88.25	88.25
183906	37	8.38	5	93	35	37	-1.67	88.25	88.25
183968	36	8.44	5	93	35	36	-1.67	88.25	88.25
184120	34	8.34	5	93	35	34	-0.83	88.25	88.25
184129	33	8.14	5	93	35	33	0.83	88.25	88.25
184190	32	7.96	5	93	35	32	1.67	88.25	88.25
184341	31	7.72	5	93	35	31	2.5	94.75	94.75
184349	31	7.58	5	93	35	31	3.33	96.12	96.12
184409	30	7.24	5	93	35	30	3.33	96.62	96.62
184559	30	6.76	5	93	35	30	4.17	98.12	98.12
184568	29	6.29	5	93	35	29	4.17	98.75	98.75
184629	29	5.76	5	93	35	29	5	100.37	100.37
184781	29	5.32	5	93	35	29	5	101.12	101.12
184793	29	4.88	5	93	35	29	5	101.87	101.87
184856	30	4.71	5	93	35	30	5	102.62	102.62
185009	31	4.59	5	93	35	31	4.17	102.37	102.37
185017	33	4.47	5	93	35	33	3.33	102	102
185080	35	4.34	5	93	35	35	1.67	102	102
185233	37	4.41	5	93	35	37	0	102	102
185242	39	4.48	5	93	35	39	-1.67	102	102
185308	42	4.81	5	93	35	42	-3.33	94.5	94.5
185459	43	5.61	5	93	35	43	-5.83	91	91
185468	44	6.41	5	93	35	44	-6.67	89.12	89.12
185531	45	6.97	5	93	35	45	-7.5	87.12	87.12
185681	45	7.59	5	93	35	45	-8.33	87	85
185690	44	8.2	5	93	35	44	-8.33	87	83.75
185752	43	9.4	5	93	35	43	-7.5	87	83.5
185903	42	10.45	5	93	35	42	-6.67	87	83.37
185912	41	11.5	5	93	35	41	-5.83	87	83.37
185976	40	12.27	5	93	35	40	-5	87	83.5
186130	38	12.72	5	93	35	38	-4.17	87	83.75
186140	37	13.17	5	93	35	37	-2.5	87	85.12
186204	36	13.42	5	93	35	36	-1.67	87	85.12
186358	35	13.56	5	93	35	35	-0.83	87	85.12
186369	34	13.69	5	93	35	34	0	87	85.12
186432	33	13.69	5	93	35	33	0.83	87	85.12
186585	32	13.54	5	93	35	32	1.67	87	85.12
186595	32	13.4	5	93	35	32	2.5	90.75	90.75
186657	31	13.27	5	93	35	31	2.5	91.12	91.12
186810	30	12.79	5	93	35	30	3.33	92.5	92.5
186819	29	12.3	5	93	35	29	4.17	94	94
186881	29	11.26	5	93	35	29	5	95.62	95.62
187033	29	10.19	5	93	35	29	5	96.37	96.37
187043	29	9.11	5	93	35	29	5	97.12	97.12
187105	29	8.2	5	93	35	29	5	97.87	97.87
187254	29	7.57	5	93	35	29	5	98.62	98.62
187265	29	6.94	5	93	35	29	5	99.37	99.37
187325	29	6.71	5	93	35	29	5	100.12	100.12
187478	29	6.64	5	93	35	29	5	100.87	100.87
187486	30	6.56	5	93	35	30	5	101.62	101.62
187550	31	6.43	5	93	35	31	4.17	101.37	101.37
187702	32	6.33	5	93	35	32	3.33	101	101
187711	33	6.25	5	93	35	33	2.5	100.5	100.5
187774	35	6.23	5	93	35	35	1.67	100.5	100.5
187927	37	6.31	5	93	35	37	0	100.5	100.5
187934	38	6.39	5	93	35	38	-1.67	100.5	100.5
188000	39	6.65	5	93	35	39	-2.5	94.87	94.87
188151	40	7.11	5	93	35	40	-3.33	93.5	93.5
188158	41	7.57	5	93	35	41	-4.17	92	92
188221	41	8.18	5	93	35	41	-5	90.37	90.37
188371	41	8.82	5	93	35	41	-5	89.62	89.62
188379	41	9.46	5	93	35	41	-5	88.87	88.87
188441	41	9.77	5	93	35	41	-5	88.12	88.12
188593	40	9.94	5	93	35	40	-5	87.37	87.37
188601	39	10.1	5	93	35	39	-4.17	87.62	87.62
188663	38	10.38	5	93	35	38	-3.33	88	88
188817	37	10.57	5	93	35	37	-2.5	88.5	88.5
188826	36	10.76	5	93	35	36	-1.67	88.5	88.5
188890	35	10.89	5	93	35	35	-0.83	88.5	88.5
0	0	0	0	0	0	0	0	0	0
0	0	0	0	0	0	0	0	0	0
213449	29	10.82	5	93	40	29	4.17	88	88
213585	24	10.55	5	93	40	24	9.17	94.62	94.62
213671	20	10.23	5	93	40	20	13.33	101	101
213850	15	9.74	5	93	40	15	16.67	107	107
213881	11	9.45	5	93	40	11	20.83	114.5	114.5
214033	15	8.6	5	93	40	15	24.17	121.62	121.62
214047	14	8.03	5	93	40	14	20.83	121.25	121.25
214114	14	6.74	5	93	40	14	21.67	125.37	125.37
214267	21	5.23	5	93	40	21	21.67	128.63	128.63
214276	26	3.71	5	93	40	26	15.83	124.87	124.87
214341	34	2.12	5	93	40	34	11.67	122.25	122.25
214495	44	0.76	5	93	40	44	5	116	116
214502	46	-0.59	5	93	40	46	-3.33	106.75	106.75
214568	52	-0.22	5	93	40	52	-5	104.25	104.25
214724	62	2.82	5	93	40	62	-10	97.5	97.5
214731	66	5.87	5	93	40	66	-18.33	87	86
214796	69	10.52	5	93	40	69	-21.67	87	79.25
214950	71	15.16	5	93	40	71	-24.17	87	73
214958	69	19.8	5	93	40	69	-25.83	87	67.37
215024	68	23.72	5	93	40	68	-24.17	87	65.5
215179	65	27.71	5	93	40	65	-23.33	87	62.88
215186	63	31.71	5	93	40	63	-20.83	87	62.38
215252	61	33.89	5	93	40	61	-19.17	87	61.25
215407	58	36.34	5	93	40	58	-17.5	87	60.38
215415	56	38.78	5	93	40	56	-15	87	60.75
215481	55	43.71	5	93	40	55	-13.33	87	60.5
215636	53	48.44	5	93	40	53	-12.5	87	59.5
215646	51	54.84	5	93	40	51	-10.83	87	59.63
215711	50	58.75	5	93	40	50	-9.17	87	60
215866	48	60.03	5	93	40	48	-8.33	87	59.63
215873	47	59.66	5	93	40	47	-6.67	87	60.38
215938	45	57.63	5	93	40	45	-5.83	87	60.38
216091	44	54.01	5	93	40	44	-4.17	87	61.5
216099	43	50.4	5	93	40	43	-3.33	87	61.88
216164	42	46.9	5	93	40	42	-2.5	87	62.38
216317	40	43.89	5	93	40	40	-1.67	87	62.38
216327	39	40.87	5	93	40	39	0	87	62.38
216390	38	39.39	5	93	40	38	0.83	87	62.38
216543	37	37.57	5	93	40	37	1.67	87	62.38
216553	36	35.75	5	93	40	36	2.5	87	68
216615	35	31.94	5	93	40	35	3.33	87	69.37
216768	34	28.01	5	93	40	34	4.17	87	70.87
216778	33	22.5	5	93	40	33	5	87	72.5
216841	32	18.98	5	93	40	32	5.83	87	74.25
216993	31	16.22	5	93	40	31	6.67	87	76.12
217005	31	15.04	5	93	40	31	7.5	87	78.12
217067	30	13.29	5	93	40	30	7.5	87	79.25
217220	29	12.24	5	93	40	29	8.33	87	81.37
217230	28	11.19	5	93	40	28	9.17	87	83.62
217291	27	10.25	5	93	40	27	10	87	86
217445	27	9.32	5	93	40	27	10.83	88.5	88.5
217455	26	8.4	5	93	40	26	10.83	90.12	90.12
217518	25	7.93	5	93	40	25	11.67	92.75	92.75
217668	25	7.7	5	93	40	25	12.5	95.5	95.5
217677	24	7.47	5	93	40	24	12.5	97.37	97.37
217739	24	7.16	5	93	40	24	13.33	100.25	100.25
217892	23	7.03	5	93	40	23	13.33	102.25	102.25
217906	23	6.89	5	93	40	23	14.17	105.25	105.25
217971	30	6.77	5	93	40	30	14.17	107.37	107.37
218125	32	6.65	5	93	40	32	8.33	102.5	102.5
218133	34	6.54	5	93	40	34	6.67	101.75	101.75
218198	37	6.43	5	93	40	37	5	100.75	100.75
218350	40	6.48	5	93	40	40	2.5	98.5	98.5
218358	43	6.53	5	93	40	43	0	98.5	98.5
218419	47	7.06	5	93	40	47	-2.5	92.87	92.87
218570	43	8.06	5	93	40	43	-5.83	88.5	88.5
218579	43	9.07	5	93	40	43	-2.5	91.62	91.62
218642	44	9.67	5	93	40	44	-2.5	91.25	91.25
218792	43	10.21	5	93	40	43	-3.33	89.87	89.87
218801	43	10.76	5	93	40	43	-2.5	90.37	90.37
218864	42	11.76	5	93	40	42	-2.5	90	90
219018	41	12.51	5	93	40	41	-1.67	90	90
219027	40	13.26	5	93	40	40	-0.83	90	90
219090	40	13.76	5	93	40	40	0	90	90
219243	39	14.04	5	93	40	39	0	90	90
219252	39	14.31	5	93	40	39	0.83	90	90
219315	38	14.39	5	93	40	38	0.83	90	90
219467	37	14.46	5	93	40	37	1.67	90	90
219475	37	14.53	5	93	40	37	2.5	95.62	95.62
219537	36	14.69	5	93	40	36	2.5	96	96
219689	36	14.72	5	93	40	36	3.33	97.37	97.37
219699	36	14.75	5	93	40	36	3.33	97.87	97.87
219760	35	14.34	5	93	40	35	3.33	98.37	98.37
219913	36	13.46	5	93	40	36	4.17	99.87	99.87
219923	36	12.59	5	93	40	36	3.33	99.5	99.5
219984	36	11.6	5	93	40	36	3.33	100	100
220140	36	10.82	5	93	40	36	3.33	100.5	100.5
220149	37	10.04	5	93	40	37	3.33	101	101
220216	37	9.56	5	93	40	37	2.5	100.5	100.5
220368	38	9.34	5	93	40	38	2.5	100.87	100.87
220376	39	9.12	5	93	40	39	1.67	100.87	100.87
220440	40	9.06	5	93	40	40	0.83	100.87	100.87
220592	41	9.31	5	93	40	41	0	100.87	100.87
220601	42	9.56	5	93	40	42	-0.83	100.87	100.87
220666	42	10.17	5	93	40	42	-1.67	100.87	100.87
220822	43	10.95	5	93	40	43	-1.67	100.87	100.87
220830	43	11.73	5	93	40	43	-2.5	95.25	95.25
220896	43	12.63	5	93	40	43	-2.5	94.87	94.87
221049	44	13.64	5	93	40	44	-2.5	94.5	94.5
221059	43	14.65	5	93	40	43	-3.33	93.12	93.12
221123	43	15.7	5	93	40	43	-2.5	93.62	93.62
221277	43	16.69	5	93	40	43	-2.5	93.25	93.25
221286	43	17.68	5	93	40	43	-2.5	92.87	92.87
221350	42	18.54	5	93	40	42	-2.5	92.5	92.5
221504	42	19.1	5	93	40	42	-1.67	92.5	92.5
221513	41	19.67	5	93	40	41	-1.67	92.5	92.5
221578	41	19.83	5	93	40	41	-0.83	92.5	92.5
221731	40	19.89	5	93	40	40	-0.83	92.5	92.5
221740	40	19.95	5	93	40	40	0	92.5	92.5
221802	39	19.85	5	93	40	39	0	92.5	92.5
221956	39	19.39	5	93	40	39	0.83	92.5	92.5
221963	38	18.94	5	93	40	38	0.83	92.5	92.5
222024	38	18.27	5	93	40	38	1.67	92.5	92.5
222178	37	17.33	5	93	40	37	1.67	92.5	92.5
222185	37	16.39	5	93	40	37	2.5	98.12	98.12
222247	36	15.83	5	93	40	36	2.5	98.5	98.5
222400	36	15.22	5	93	40	36	3.33	99.87	99.87
222409	36	14.61	5	93	40	36	3.33	100.37	100.37
222473	36	13.4	5	93	40	36	3.33	100.87	100.87
222627	37	12.26	5	93	40	37	3.33	101.37	101.37
222637	37	11.12	5	93	40	37	2.5	100.87	100.87
222703	38	10.59	5	93	40	38	2.5	101.25	101.25
222858	39	10.21	5	93	40	39	1.67	101.25	101.25
222866	40	9.84	5	93	40	40	0.83	101.25	101.25
222930	41	9.38	5	93	40	41	0	101.25	101.25
223083	41	9.47	5	93	40	41	-0.83	101.25	101.25
223092	42	9.56	5	93	40	42	-0.83	101.25	101.25
223159	43	10.01	5	93	40	43	-1.67	101.25	101.25
223314	44	10.75	5	93	40	44	-2.5	95.62	95.62
223323	44	11.5	5	93	40	44	-3.33	94.25	94.25
223387	45	12.44	5	93	40	45	-3.33	93.75	93.75
223541	45	13.55	5	93	40	45	-4.17	92.25	92.25
223549	45	14.65	5	93	40	45	-4.17	91.62	91.62
223612	45	15.9	5	93	40	45	-4.17	91	91
223766	45	17.09	5	93	40	45	-4.17	90.37	90.37
223774	44	18.29	5	93	40	44	-4.17	89.75	89.75
223839	44	18.86	5	93	40	44	-3.33	90.12	90.12
223992	43	19.27	5	93	40	43	-3.33	89.62	89.62
224002	42	19.68	5	93	40	42	-2.5	90.12	90.12
224065	41	20.27	5	93	40	41	-1.67	90.12	90.12
224219	40	20.44	5	93	40	40	-0.83	90.12	90.12
224228	40	20.62	5	93	40	40	0	90.12	90.12
224291	39	20.43	5	93	40	39	0	90.12	90.12
224444	38	19.91	5	93	40	38	0.83	90.12	90.12
224452	37	19.39	5	93	40	37	1.67	90.12	90.12
224515	37	18.53	5	93	40	37	2.5	95.75	95.75
224667	36	17.49	5	93	40	36	2.5	96.12	96.12
224676	36	16.45	5	93	40	36	3.33	97.5	97.5
224738	35	15.36	5	93	40	35	3.33	98	98
224890	35	14.22	5	93	40	35	4.17	99.5	99.5
224900	35	13.09	5	93	40	35	4.17	100.12	100.12
224964	36	12.52	5	93	40	36	4.17	100.75	100.75
225119	36	12.04	5	93	40	36	3.33	100.37	100.37
225128	37	11.55	5	93	40	37	3.33	100.87	100.87
225195	38	10.74	5	93	40	38	2.5	100.37	100.37
225349	39	10.24	5	93	40	39	1.67	100.37	100.37
225356	39	9.75	5	93	40	39	0.83	100.37	100.37
225422	40	9.57	5	93	40	40	0.83	100.37	100.37
225574	41	9.76	5	93	40	41	0	100.37	100.37
225583	41	9.95	5	93	40	41	-0.83	100.37	100.37
225648	42	10.49	5	93	40	42	-0.83	100.37	100.37
225804	43	11.25	5	93	40	43	-1.67	100.37	100.37
225812	43	12.01	5	93	40	43	-2.5	94.75	94.75
225879	44	12.92	5	93	40	44	-2.5	94.37	94.37
226032	44	13.95	5	93	40	44	-3.33	93	93
226041	44	14.99	5	93	40	44	-3.33	92.5	92.5
226106	44	15.54	5	93	40	44	-3.33	92	92
226259	44	16.02	5	93	40	44	-3.33	91.5	91.5
226268	43	16.5	5	93	40	43	-3.33	91	91
226331	43	17.4	5	93	40	43	-2.5	91.5	91.5
226486	42	18.13	5	93	40	42	-2.5	91.12	91.12
226495	41	18.87	5	93	40	41	-1.67	91.12	91.12
226558	41	19.33	5	93	40	41	-0.83	91.12	91.12
226712	40	19.48	5	93	40	40	-0.83	91.12	91.12
226722	39	19.63	5	93	40	39	0	91.12	91.12
226786	38	19.41	5	93	40	38	0.83	91.12	91.12
226938	38	18.95	5	93	40	38	1.67	91.12	91.12
226946	37	18.48	5	93	40	37	1.67	91.12	91.12
227008	37	17.82	5	93	40	37	2.5	96.75	96.75
227161	36	17.02	5	93	40	36	2.5	97.12	97.12
227171	36	16.22	5	93	40	36	3.33	98.5	98.5
227232	36	15.82	5	93	40	36	3.33	99	99
227385	36	15.36	5	93	40	36	3.33	99.5	99.5
227392	36	14.91	5	93	40	36	3.33	100	100
227457	37	14.07	5	93	40	37	3.33	100.5	100.5
227611	37	13.33	5	93	40	37	2.5	100	100
227619	38	12.59	5	93	40	38	2.5	100.37.37	
227686	38	11.98	5	93	40	38	1.67	100.37	100.37
227841	39	11.71	5	93	40	39	1.67	100.37	100.37
227849	40	11.44	5	93	40	40	0.83	100.37	100.37
227914	41	11.55	5	93	40	41	0	100.37	100.37
228069	41	11.94	5	93	40	41	-0.83	100.37	100.37
228078	42	12.33	5	93	40	42	-0.83	100.37	100.37
228147	42	12.9	5	93	40	42	-1.67	100.37	100.37
228302	43	13.72	5	93	40	43	-1.67	100.37	100.37
228311	43	14.54	5	93	40	43	-2.5	94.75	94.75
228377	44	15.03	5	93	40	44	-2.5	94.37	94.37
228531	43	15.54	5	93	40	43	-3.33	93	93
228538	44	16.05	5	93	40	44	-2.5	93.5	93.5
228602	44	17.06	5	93	40	44	-3.33	92.12	92.12
228756	43	18.04	5	93	40	43	-3.33	91.62	91.62
228765	43	19.43	5	93	40	43	-2.5	92.12	92.12
228829	43	20.3	5	93	40	43	-2.5	91.75	91.75
228982	42	20.98	5	93	40	42	-2.5	91.37	91.37
228993	42	21.24	5	93	40	42	-1.67	91.37	91.37
229057	41	21.57	5	93	40	41	-1.67	91.37	91.37
229211	40	21.56	5	93	40	40	-0.83	91.37	91.37
229219	39	21.56	5	93	40	39	0	91.37	91.37
229281	39	21.29	5	93	40	39	0.83	91.37	91.37
229434	38	20.71	5	93	40	38	0.83	91.37	91.37
229443	38	20.12	5	93	40	38	1.67	91.37	91.37
229506	37	19.75	5	93	40	37	1.67	91.37	91.37
229658	36	19.26	5	93	40	36	2.5	97	97
229668	36	18.77	5	93	40	36	3.33	98.37	98.37
229730	36	17.74	5	93	40	36	3.33	98.87	98.87
229883	36	16.67	5	93	40	36	3.33	99.37	99.37
229891	36	15.59	5	93	40	36	3.33	99.87	99.87
229953	36	14.56	5	93	40	36	3.33	100.37	100.37
230108	36	13.66	5	93	40	36	3.33	100.87	100.87
230116	37	12.76	5	93	40	37	3.33	101.37	101.37
230181	38	12.09	5	93	40	38	2.5	100.87	100.87
230336	38	11.63	5	93	40	38	1.67	100.87	100.87
230344	39	11.18	5	93	40	39	1.67	100.87	100.87
230411	40	10.94	5	93	40	40	0.83	100.87	100.87
230565	41	11.11	5	93	40	41	0	100.87	100.87
230573	42	11.29	5	93	40	42	-0.83	100.87	100.87
230640	42	11.5	5	93	40	42	-1.67	100.87	100.87
230796	43	11.97	5	93	40	43	-1.67	100.87	100.87
230803	43	12.44	5	93	40	43	-2.5	95.25	95.25
230870	44	13.44	5	93	40	44	-2.5	94.87	94.87
231023	44	14.53	5	93	40	44	-3.33	93.5	93.5
231031	44	16.16	5	93	40	44	-3.33	93	93
231095	44	17.27	5	93	40	44	-3.33	92.5	92.5
231248	43	18.32	5	93	40	43	-3.33	92	92
231259	43	18.82	5	93	40	43	-2.5	92.5	92.5
231323	43	19.75	5	93	40	43	-2.5	92.12	92.12
231477	42	20.48	5	93	40	42	-2.5	91.75	91.75
231484	42	21.22	5	93	40	42	-1.67	91.75	91.75
231548	41	21.73	5	93	40	41	-1.67	91.75	91.75
231702	41	21.92	5	93	40	41	-0.83	91.75	91.75
231709	40	22.11	5	93	40	40	-0.83	91.75	91.75
231774	39	22.1	5	93	40	39	0	91.75	91.75
231926	38	21.78	5	93	40	38	0.83	91.75	91.75
231934	38	21.46	5	93	40	38	1.67	91.75	91.75
231996	37	20.63	5	93	40	37	1.67	91.75	91.75
232150	37	19.52	5	93	40	37	2.5	97.37	97.37
232157	36	17.78	5	93	40	36	2.5	97.75	97.75
232219	36	16.55	5	93	40	36	3.33	99.12	99.12
232372	36	15.33	5	93	40	36	3.33	99.62	99.62
232380	36	14.73	5	93	40	36	3.33	100.12	100.12
232444	36	13.61	5	93	40	36	3.33	100.62	100.62
232599	37	12.64	5	93	40	37	3.33	101.12	101.12
232608	37	11.68	5	93	40	37	2.5	100.62	100.62
232675	38	10.89	5	93	40	38	2.5	101	101
232829	39	10.39	5	93	40	39	1.67	101	101
232837	40	9.89	5	93	40	40	0.83	101	101
232902	41	9.75	5	93	40	41	0	101	101
233054	42	9.94	5	93	40	42	-0.83	101	101
233063	42	10.13	5	93	40	42	-1.67	101	101
233129	43	10.73	5	93	40	43	-1.67	101	101
233286	44	11.68	5	93	40	44	-2.5	95.37	95.37
233294	44	13.22	5	93	40	44	-3.33	94	94
233359	45	14.35	5	93	40	45	-3.33	93.5	93.5
233512	45	15.56	5	93	40	45	-4.17	92	92
233522	45	16.18	5	93	40	45	-4.17	91.37	91.37
233585	45	17.38	5	93	40	45	-4.17	90.75	90.75
233739	45	18.48	5	93	40	45	-4.17	90.12	90.12
233748	44	19.59	5	93	40	44	-4.17	89.5	89.5
233812	43	20.57	5	93	40	43	-3.33	89.87	89.87
233966	42	21.32	5	93	40	42	-2.5	90.37	90.37
233975	42	22.07	5	93	40	42	-1.67	90.37	90.37
234039	41	22.36	5	93	40	41	-1.67	90.37	90.37
234193	40	22.35	5	93	40	40	-0.83	90.37	90.37
234203	39	22.33	5	93	40	39	0	90.37	90.37
234265	39	22.05	5	93	40	39	0.83	90.37	90.37
234418	38	21.34	5	93	40	38	0.83	90.37	90.37
234427	37	20.08	5	93	40	37	1.67	90.37	90.37
234489	37	19.1	5	93	40	37	2.5	96	96
234642	36	17.94	5	93	40	36	2.5	96.37	96.37
234651	36	17.34	5	93	40	36	3.33	97.75	97.75
234714	36	16.1	5	93	40	36	3.33	98.25	98.25
234866	35	14.88	5	93	40	35	3.33	98.75	98.75
234874	36	13.65	5	93	40	36	4.17	100.25	100.25
234939	36	12.49	5	93	40	36	3.33	99.87	99.87
235091	37	11.47	5	93	40	37	3.33	100.37	100.37
235101	37	10.46	5	93	40	37	2.5	99.87	99.87
235164	38	10.01	5	93	40	38	2.5	100.25	100.25
235319	38	9.76	5	93	40	38	1.67	100.25	100.25
235328	39	9.51	5	93	40	39	1.67	100.25	100.25
235393	40	9.29	5	93	40	40	0.83	100.25	100.25
235545	40	9.49	5	93	40	40	0	100.25	100.25
235553	41	9.69	5	93	40	41	0	100.25	100.25
235617	41	10.15	5	93	40	41	-0.83	100.25	100.25
235773	42	10.89	5	93	40	42	-0.83	100.25	100.25
235783	43	11.62	5	93	40	43	-1.67	100.25	100.25
235851	43	12.6	5	93	40	43	-2.5	94.62	94.62
236005	43	13.71	5	93	40	43	-2.5	94.25	94.25
236013	43	14.81	5	93	40	43	-2.5	93.87	93.87
236078	43	15.97	5	93	40	43	-2.5	93.5	93.5
236231	43	17.1	5	93	40	43	-2.5	93.12	93.12
236239	43	18.23	5	93	40	43	-2.5	92.75	92.75
236304	43	18.77	5	93	40	43	-2.5	92.37	92.37
236457	42	19.11	5	93	40	42	-2.5	92	92
236465	41	19.46	5	93	40	41	-1.67	92	92
236529	41	20.01	5	93	40	41	-0.83	92	92
236683	40	20.3	5	93	40	40	-0.83	92	92
236693	40	20.55	5	93	40	40	0	92	92
236756	39	20.59	5	93	40	39	0	92	92
236909	39	20.35	5	93	40	39	0.83	92	92
236918	38	20.15	5	93	40	38	0.83	92	92
236981	38	19.62	5	93	40	38	1.67	92	92
237133	37	18.9	5	93	40	37	1.67	92	92
237144	37	18.17	5	93	40	37	2.5	97.62	97.62
237206	36	17.31	5	93	40	36	2.5	98	98
237359	36	16.38	5	93	40	36	3.33	99.37	99.37
237368	36	15.45	5	93	40	36	3.33	99.87	99.87
237429	36	14.98	5	93	40	36	3.33	100.37	100.37
237585	37	14.6	5	93	40	37	3.33	100.87	100.87
237594	37	14.21	5	93	40	37	2.5	100.37	100.37
237661	38	13.56	5	93	40	38	2.5	100.75	100.75
237815	39	13.1	5	93	40	39	1.67	100.75	100.75
237824	39	12.55	5	93	40	39	0.83	100.75	100.75
237890	40	12.26	5	93	40	40	0.83	100.75	100.75
238045	41	12.3	5	93	40	41	0	100.75	100.75
238053	42	12.42	5	93	40	42	-0.83	100.75	100.75
238120	43	12.8	5	93	40	43	-1.67	100.75	100.75
238276	43	13.4	5	93	40	43	-2.5	95.12	95.12
238284	43	14	5	93	40	43	-2.5	94.75	94.75
238349	44	14.78	5	93	40	44	-2.5	94.37	94.37
238502	44	15.76	5	93	40	44	-3.33	93	93
238511	44	16.74	5	93	40	44	-3.33	92.5	92.5
238575	44	17.27	5	93	40	44	-3.33	92	92
238729	43	17.74	5	93	40	43	-3.33	91.5	91.5
238736	43	18.2	5	93	40	43	-2.5	92	92
238800	42	19.01	5	93	40	42	-2.5	91.62	91.62
238954	42	19.49	5	93	40	42	-1.67	91.62	91.62
238962	41	19.97	5	93	40	41	-1.67	91.62	91.62
239027	40	20.1	5	93	40	40	-0.83	91.62	91.62
239180	40	20.14	5	93	40	40	0	91.62	91.62
239190	39	20.17	5	93	40	39	0	91.62	91.62
239251	39	20.19	5	93	40	39	0.83	91.62	91.62
239404	38	19.95	5	93	40	38	0.83	91.62	91.62
239412	37	19.72	5	93	40	37	1.67	91.62	91.62
239474	37	19.23	5	93	40	37	2.5	97.25	97.25
239627	36	18.63	5	93	40	36	2.5	97.62	97.62
239635	36	18.03	5	93	40	36	3.33	99	99
239696	36	17.71	5	93	40	36	3.33	99.5	99.5
239850	36	17.36	5	93	40	36	3.33	100	100
239859	36	17.01	5	93	40	36	3.33	100.5	100.5
239925	36	16.27	5	93	40	36	3.33	101	101
240079	37	15.5	5	93	40	37	3.33	101.5	101.5
240090	38	14.36	5	93	40	38	2.5	101	101
240155	39	13.62	5	93	40	39	1.67	101	101
240310	40	13.27	5	93	40	40	0.83	101	101
240318	41	13.27	5	93	40	41	0	101	101
240384	42	13.5	5	93	40	42	-0.83	101	101
240540	43	14.1	5	93	40	43	-1.67	101	101
240547	44	14.71	5	93	40	44	-2.5	95.37	95.37
240614	44	15.55	5	93	40	44	-3.33	94	94
240768	45	16.52	5	93	40	45	-3.33	93.5	93.5
240776	45	17.49	5	93	40	45	-4.17	92	92
240840	45	17.99	5	93	40	45	-4.17	91.37	91.37
240994	45	18.44	5	93	40	45	-4.17	90.75	90.75
241002	44	18.89	5	93	40	44	-4.17	90.12	90.12
241067	44	19.72	5	93	40	44	-3.33	90.5	90.5
241220	43	20.25	5	93	40	43	-3.33	90	90
241229	42	20.79	5	93	40	42	-2.5	90.5	90.5
241294	42	20.95	5	93	40	42	-1.67	90.5	90.5
241447	41	20.93	5	93	40	41	-1.67	90.5	90.5
241457	40	20.91	5	93	40	40	-0.83	90.5	90.5
241521	39	20.89	5	93	40	39	0	90.5	90.5
241674	38	20.72	5	93	40	38	0.83	90.5	90.5
241682	38	20.54	5	93	40	38	1.67	90.5	90.5
241743	37	20.03	5	93	40	37	1.67	90.5	90.5
241897	36	19.24	5	93	40	36	2.5	96.12	96.12
241906	36	18.45	5	93	40	36	3.33	97.5	97.5
241968	36	17.99	5	93	40	36	3.33	98	98
242121	35	17.46	5	93	40	35	3.33	98.5	98.5
242130	35	16.92	5	93	40	35	4.17	100	100
242195	36	15.85	5	93	40	36	4.17	100.62	100.62
242350	36	14.85	5	93	40	36	3.33	100.25	100.25
242359	37	13.86	5	93	40	37	3.33	100.75	100.75
242424	37	13.4	5	93	40	37	2.5	100.25	100.25
0	0	0	0	0	0	0	0	0	0
0	0	0	0	0	0	0	0	0	0
255251	39	13.45	5	93	50	39	10.83	100	100
255370	41	13.73	5	93	50	41	9.17	99.62	99.62
255377	43	14.45	5	93	50	43	7.5	99	99
255439	44	15.13	5	93	50	44	5.83	98.12	98.12
255506	46	16.05	5	93	50	46	5	98	98
255659	47	17.03	5	93	50	47	3.33	96.75	96.75
255666	49	18.01	5	93	50	49	2.5	96.25	96.25
255728	49	18.53	5	93	50	49	0.83	96.25	96.25
255881	48	19.12	5	93	50	48	0.83	96.25	96.25
255890	48	19.72	5	93	50	48	1.67	96.25	96.25
255951	47	20.92	5	93	50	47	1.67	96.25	96.25
256105	47	22.12	5	93	50	47	2.5	96.62	96.62
256113	46	23.33	5	93	50	46	2.5	97	97
256176	46	24.51	5	93	50	46	3.33	98.37	98.37
256328	45	25.6	5	93	50	45	3.33	98.87	98.87
256337	45	26.68	5	93	50	45	4.17	100.37	100.37
256401	45	27.18	5	93	50	45	4.17	101	101
256556	45	27.22	5	93	50	45	4.17	101.62	101.62
256564	45	27.26	5	93	50	45	4.17	102.25	102.25
256630	45	27.38	5	93	50	45	4.17	102.87	102.87
256785	46	27.49	5	93	50	46	4.17	103.5	103.5
256793	46	27.66	5	93	50	46	3.33	103.12	103.12
256860	47	27.74	5	93	50	47	3.33	103.62	103.62
257014	47	27.74	5	93	50	47	2.5	103.12	103.12
257024	48	27.7	5	93	50	48	2.5	103.5	103.5
257090	49	27.58	5	93	50	49	1.67	103.5	103.5
257245	49	27.42	5	93	50	49	0.83	103.5	103.5
257254	50	27.26	5	93	50	50	0.83	103.5	103.5
257319	50	27.19	5	93	50	50	0	103.5	103.5
257475	51	27.37	5	93	50	51	0	103.5	103.5
257483	51	27.56	5	93	50	51	-0.83	103.5	103.5
257550	51	27.95	5	93	50	51	-0.83	103.5	103.5
257705	52	28.41	5	93	50	52	-0.83	103.5	103.5
257713	52	28.87	5	93	50	52	-1.67	103.5	103.5
257781	52	29.32	5	93	50	52	-1.67	103.5	103.5
257937	53	29.74	5	93	50	53	-1.67	103.5	103.5
257945	53	30.16	5	93	50	53	-2.5	97.87	97.87
258012	53	30.37	5	93	50	53	-2.5	97.5	97.5
258165	52	30.62	5	93	50	52	-2.5	97.12	97.12
258173	52	30.86	5	93	50	52	-1.67	97.12	97.12
258238	52	31.39	5	93	50	52	-1.67	97.12	97.12
258392	51	31.91	5	93	50	51	-1.67	97.12	97.12
258399	51	32.63	5	93	50	51	-0.83	97.12	97.12
258462	51	33.07	5	93	50	51	-0.83	97.12	97.12
258616	50	33.26	5	93	50	50	-0.83	97.12	97.12
258624	50	33.26	5	93	50	50	0	97.12	97.12
258688	49	33.03	5	93	50	49	0	97.12	97.12
258840	49	32.48	5	93	50	49	0.83	97.12	97.12
258847	48	31.94	5	93	50	48	0.83	97.12	97.12
258910	48	31.28	5	93	50	48	1.67	97.12	97.12
259062	47	30.65	5	93	50	47	1.67	97.12	97.12
259073	47	30.01	5	93	50	47	2.5	102.75	102.75
259136	47	29.72	5	93	50	47	2.5	103.12	103.12
259291	47	29.4	5	93	50	47	2.5	103.5	103.5
259299	47	29.08	5	93	50	47	2.5	103.87	103.87
259365	47	28.42	5	93	50	47	2.5	104.25	104.25
259520	47	27.72	5	93	50	47	2.5	104.62	104.62
259527	48	26.7	5	93	50	48	2.5	105	105
259594	49	26.04	5	93	50	49	1.67	105	105
259748	50	25.58	5	93	50	50	0.83	105	105
259756	51	25.44	5	93	50	51	0	105	105
259822	52	25.43	5	93	50	52	-0.83	105	105
259978	53	25.85	5	93	50	53	-1.67	105	105
259985	54	26.26	5	93	50	54	-2.5	99.37	99.37
260051	54	26.94	5	93	50	54	-3.33	98	98
260205	55	27.98	5	93	50	55	-3.33	97.5	97.5
260213	55	29.02	5	93	50	55	-4.17	96	96
260278	55	29.66	5	93	50	55	-4.17	95.37	95.37
260431	54	30.12	5	93	50	54	-4.17	94.75	94.75
260440	54	30.59	5	93	50	54	-3.33	95.12	95.12
260504	53	31.4	5	93	50	53	-3.33	94.62	94.62
260658	52	31.95	5	93	50	52	-2.5	95.12	95.12
260667	51	32.51	5	93	50	51	-1.67	95.12	95.12
260731	50	32.73	5	93	50	50	-0.83	95.12	95.12
260885	49	32.8	5	93	50	49	0	95.12	95.12
260892	49	32.87	5	93	50	49	0.83	95.12	95.12
260954	48	33	5	93	50	48	0.83	95.12	95.12
261106	47	32.97	5	93	50	47	1.67	95.12	95.12
261114	47	32.95	5	93	50	47	2.5	100.75	100.75
261178	46	32.63	5	93	50	46	2.5	101.12	101.12
261334	46	32.08	5	93	50	46	3.33	102.5	102.5
261343	45	31.52	5	93	50	45	3.33	103	103
261409	46	31.2	5	93	50	46	4.17	104.5	104.5
261564	46	30.84	5	93	50	46	3.33	104.12	104.12
261573	46	30.49	5	93	50	46	3.33	104.62	104.62
261639	47	29.51	5	93	50	47	3.33	105.12	105.12
261794	48	28.41	5	93	50	48	2.5	104.62	104.62
261801	49	27.32	5	93	50	49	1.67	104.62	104.62
261868	50	26.84	5	93	50	50	0.83	104.62	104.62
262023	51	26.75	5	93	50	51	0	104.62	104.62
262029	52	26.66	5	93	50	52	-0.83	104.62	104.62
262096	53	26.68	5	93	50	53	-1.67	104.62	104.62
262252	54	27.14	5	93	50	54	-2.5	99	99
262259	54	27.59	5	93	50	54	-3.33	97.62	97.62
262324	54	28.3	5	93	50	54	-3.33	97.12	97.12
262477	54	29.12	5	93	50	54	-3.33	96.62	96.62
262487	54	29.93	5	93	50	54	-3.33	96.12	96.12
262551	54	30.77	5	93	50	54	-3.33	95.62	95.62
262705	53	31.5	5	93	50	53	-3.33	95.12	95.12
262712	52	32.22	5	93	50	52	-2.5	95.62	95.62
262776	52	32.76	5	93	50	52	-1.67	95.62	95.62
262930	51	33.09	5	93	50	51	-1.67	95.62	95.62
262938	50	33.42	5	93	50	50	-0.83	95.62	95.62
263003	49	33.54	5	93	50	49	0	95.62	95.62
263155	48	33.51	5	93	50	48	0.83	95.62	95.62
263164	48	33.49	5	93	50	48	1.67	95.62	95.62
263226	47	33.23	5	93	50	47	1.67	95.62	95.62
263378	47	32.7	5	93	50	47	2.5	101.25	101.25
263387	46	32.17	5	93	50	46	2.5	101.62	101.62
263452	46	31.51	5	93	50	46	3.33	103	103
263607	45	30.74	5	93	50	45	3.33	103.5	103.5
263616	45	29.97	5	93	50	45	4.17	105	105
263682	45	29.13	5	93	50	45	4.17	105.62	105.62
263836	46	28.29	5	93	50	46	4.17	106.25	106.25
263844	47	27.45	5	93	50	47	3.33	105.87	105.87
263910	49	26.69	5	93	50	49	2.5	105.37	105.37
264065	50	26.24	5	93	50	50	0.83	105.37	105.37
264073	51	25.79	5	93	50	51	0	105.37	105.37
264139	52	25.7	5	93	50	52	-0.83	105.37	105.37
264295	53	25.99	5	93	50	53	-1.67	105.37	105.37
264303	54	26.28	5	93	50	54	-2.5	99.75	99.75
264370	55	27.14	5	93	50	55	-3.33	98.37	98.37
264523	55	28.46	5	93	50	55	-4.17	96.87	96.87
264530	54	30.65	5	93	50	54	-4.17	96.25	96.25
264595	54	32.27	5	93	50	54	-3.33	96.62	96.62
264749	54	33.75	5	93	50	54	-3.33	96.12	96.12
264757	53	34.35	5	93	50	53	-3.33	95.62	95.62
264821	53	35.36	5	93	50	53	-2.5	96.12	96.12
264975	52	36.02	5	93	50	52	-2.5	95.75	95.75
264984	51	36.68	5	93	50	51	-1.67	95.75	95.75
265048	51	37.12	5	93	50	51	-0.83	95.75	95.75
265202	50	37.38	5	93	50	50	-0.83	95.75	95.75
265210	49	37.65	5	93	50	49	0	95.75	95.75
265274	49	37.73	5	93	50	49	0.83	95.75	95.75
265426	48	37.58	5	93	50	48	0.83	95.75	95.75
265435	47	37.43	5	93	50	47	1.67	95.75	95.75
265497	47	36.86	5	93	50	47	2.5	101.37	101.37
265652	46	35.84	5	93	50	46	2.5	101.75	101.75
265661	46	34.03	5	93	50	46	3.33	103.12	103.12
265726	46	32.64	5	93	50	46	3.33	103.62	103.62
265882	46	30.97	5	93	50	46	3.33	104.12	104.12
265890	46	30.1	5	93	50	46	3.33	104.62	104.62
265957	47	28.62	5	93	50	47	3.33	105.12	105.12
266112	48	27.62	5	93	50	48	2.5	104.62	104.62
266119	49	26.62	5	93	50	49	1.67	104.62	104.62
266185	50	25.9	5	93	50	50	0.83	104.62	104.62
266340	51	25.53	5	93	50	51	0	104.62	104.62
266349	52	25.16	5	93	50	52	-0.83	104.62	104.62
266416	53	25.3	5	93	50	53	-1.67	104.62	104.62
266572	54	25.81	5	93	50	54	-2.5	99	99
266580	54	26.32	5	93	50	54	-3.33	97.62	97.62
266645	54	27.05	5	93	50	54	-3.33	97.12	97.12
266799	54	28.05	5	93	50	54	-3.33	96.62	96.62
266807	53	29.04	5	93	50	53	-3.33	96.12	96.12
266870	53	29.63	5	93	50	53	-2.5	96.62	96.62
267025	53	29.96	5	93	50	53	-2.5	96.25	96.25
267033	52	30.29	5	93	50	52	-2.5	95.87	95.87
267097	52	30.83	5	93	50	52	-1.67	95.87	95.87
267250	51	31.19	5	93	50	51	-1.67	95.87	95.87
267258	50	31.56	5	93	50	50	-0.83	95.87	95.87
267323	50	31.83	5	93	50	50	0	95.87	95.87
267475	49	31.97	5	93	50	49	0	95.87	95.87
267484	48	32.11	5	93	50	48	0.83	95.87	95.87
267546	47	32	5	93	50	47	1.67	95.87	95.87
267699	47	31.6	5	93	50	47	2.5	101.5	101.5
267707	46	31.2	5	93	50	46	2.5	101.87	101.87
267772	45	30.59	5	93	50	45	3.33	103.25	103.25
267927	45	29.82	5	93	50	45	4.17	104.75	104.75
267936	45	29.06	5	93	50	45	4.17	105.37	105.37
268002	46	28.64	5	93	50	46	4.17	106	106
268156	47	28.06	5	93	50	47	3.33	105.62	105.62
268165	48	27.48	5	93	50	48	2.5	105.12	105.12
268230	49	26.53	5	93	50	49	1.67	105.12	105.12
268385	51	25.97	5	93	50	51	0.83	105.12	105.12
268393	52	25.41	5	93	50	52	-0.83	105.12	105.12
268461	53	25.31	5	93	50	53	-1.67	105.12	105.12
268616	54	25.94	5	93	50	54	-2.5	99.5	99.5
268623	54	26.58	5	93	50	54	-3.33	98.12	98.12
268688	55	28.03	5	93	50	55	-3.33	97.62	97.62
268841	55	30	5	93	50	55	-4.17	96.12	96.12
268851	55	31.97	5	93	50	55	-4.17	95.5	95.5
268914	55	34.22	5	93	50	55	-4.17	94.87	94.87
269069	54	36.13	5	93	50	54	-4.17	94.25	94.25
269077	54	38.03	5	93	50	54	-3.33	94.62	94.62
269142	53	38.77	5	93	50	53	-3.33	94.12	94.12
269295	52	39.06	5	93	50	52	-2.5	94.62	94.62
269303	51	39.35	5	93	50	51	-1.67	94.62	94.62
269367	50	39.83	5	93	50	50	-0.83	94.62	94.62
269521	49	40.15	5	93	50	49	0	94.62	94.62
269530	48	40.43	5	93	50	48	0.83	94.62	94.62
269592	48	40.52	5	93	50	48	1.67	94.62	94.62
269745	47	40.23	5	93	50	47	1.67	94.62	94.62
269754	46	39.97	5	93	50	46	2.5	100.25	100.25
269817	45	39.03	5	93	50	45	3.33	101.62	101.62
269973	45	37.46	5	93	50	45	4.17	103.12	103.12
269981	45	35.89	5	93	50	45	4.17	103.75	103.75
270048	44	33.95	5	93	50	44	4.17	104.37	104.37
270202	45	31.82	5	93	50	45	5	106	106
270210	45	29.7	5	93	50	45	4.17	105.75	105.75
270275	46	28.63	5	93	50	46	4.17	106.37	106.37
270431	47	27.94	5	93	50	47	3.33	106	106
270439	49	27.25	5	93	50	49	2.5	105.5	105.5
270504	51	26.32	5	93	50	51	0.83	105.5	105.5
270660	52	26.36	5	93	50	52	-0.83	105.5	105.5
270668	53	26.4	5	93	50	53	-1.67	105.5	105.5
270737	54	26.68	5	93	50	54	-2.5	99.87	99.87
270891	55	27.58	5	93	50	55	-3.33	98.5	98.5
270899	55	28.48	5	93	50	55	-4.17	97	97
270963	55	30.55	5	93	50	55	-4.17	96.37	96.37
271117	55	32.88	5	93	50	55	-4.17	95.75	95.75
271125	54	35.22	5	93	50	54	-4.17	95.12	95.12
271190	54	37.37	5	93	50	54	-3.33	95.5	95.5
271343	53	38.76	5	93	50	53	-3.33	95	95
271350	53	40.16	5	93	50	53	-2.5	95.5	95.5
271414	52	40.83	5	93	50	52	-2.5	95.12	95.12
271567	51	41.19	5	93	50	51	-1.67	95.12	95.12
271576	50	41.55	5	93	50	50	-0.83	95.12	95.12
271640	49	41.73	5	93	50	49	0	95.12	95.12
271793	48	41.82	5	93	50	48	0.83	95.12	95.12
271801	48	41.91	5	93	50	48	1.67	95.12	95.12
271862	47	41.92	5	93	50	47	1.67	95.12	95.12
272015	46	41.5	5	93	50	46	2.5	100.75	100.75
272024	46	41.08	5	93	50	46	3.33	102.12	102.12
272091	45	39.69	5	93	50	45	3.33	102.62	102.62
272245	45	37.59	5	93	50	45	4.17	104.12	104.12
272254	45	35.49	5	93	50	45	4.17	104.75	104.75
272321	45	33.22	5	93	50	45	4.17	105.37	105.37
272476	46	31.41	5	93	50	46	4.17	106	106
272483	47	29.6	5	93	50	47	3.33	105.62	105.62
272548	48	28.72	5	93	50	48	2.5	105.12	105.12
272703	49	28.54	5	93	50	49	1.67	105.12	105.12
272711	51	28.36	5	93	50	51	0.83	105.12	105.12
272777	52	28.58	5	93	50	52	-0.83	105.12	105.12
272933	54	29.57	5	93	50	54	-1.67	105.12	105.12
272940	54	30.56	5	93	50	54	-3.33	98.5	98.5
273006	55	31.36	5	93	50	55	-3.33	98	98
273160	55	32.71	5	93	50	55	-4.17	96.5	96.5
273169	55	34.06	5	93	50	55	-4.17	95.87	95.87
273232	55	36.77	5	93	50	55	-4.17	95.25	95.25
273387	54	39.42	5	93	50	54	-4.17	94.62	94.62
273395	53	43.09	5	93	50	53	-3.33	95	95
273459	53	45.39	5	93	50	53	-2.5	95.5	95.5
273613	52	46.98	5	93	50	52	-2.5	95.12	95.12
273622	51	47.55	5	93	50	51	-1.67	95.12	95.12
273685	50	48.35	5	93	50	50	-0.83	95.12	95.12
273839	49	48.71	5	93	50	49	0	95.12	95.12
273847	49	49.08	5	93	50	49	0.83	95.12	95.12
273909	48	49.23	5	93	50	48	0.83	95.12	95.12
274062	48	49.14	5	93	50	48	1.67	95.12	95.12
274071	47	49.04	5	93	50	47	1.67	95.12	95.12
274134	46	48.93	5	93	50	46	2.5	100.75	100.75
274288	46	48.26	5	93	50	46	3.33	102.12	102.12
274296	46	47.6	5	93	50	46	3.33	102.62	102.62
274362	45	45.8	5	93	50	45	3.33	103.12	103.12
274518	45	43.61	5	93	50	45	4.17	104.62	104.62
274525	46	41.41	5	93	50	46	4.17	105.25	105.25
274591	46	39.37	5	93	50	46	3.33	104.87	104.87
274746	47	37.58	5	93	50	47	3.33	105.37	105.37
274753	48	35.78	5	93	50	48	2.5	104.87	104.87
274819	49	34.68	5	93	50	49	1.67	104.87	104.87
274974	50	34.28	5	93	50	50	0.83	104.87	104.87
274982	51	33.89	5	93	50	51	0	104.87	104.87
275048	51	33.96	5	93	50	51	-0.83	104.87	104.87
275204	52	34.42	5	93	50	52	-0.83	104.87	104.87
275212	52	34.87	5	93	50	52	-1.67	104.87	104.87
275280	53	35.15	5	93	50	53	-1.67	104.87	104.87
275436	53	35.84	5	93	50	53	-2.5	99.25	99.25
275445	53	36.53	5	93	50	53	-2.5	98.87	98.87
275509	54	37.95	5	93	50	54	-2.5	98.5	98.5
275662	54	39.62	5	93	50	54	-3.33	97.12	97.12
275672	54	41.3	5	93	50	54	-3.33	96.62	96.62
275735	53	42.26	5	93	50	53	-3.33	96.12	96.12
275889	53	42.74	5	93	50	53	-2.5	96.62	96.62
275898	52	43.22	5	93	50	52	-2.5	96.25	96.25
275961	52	44.02	5	93	50	52	-1.67	96.25	96.25
276116	51	44.62	5	93	50	51	-1.67	96.25	96.25
276124	51	45.22	5	93	50	51	-0.83	96.25	96.25
276188	50	45.72	5	93	50	50	-0.83	96.25	96.25
276341	49	45.85	5	93	50	49	0	96.25	96.25
276350	49	45.98	5	93	50	49	0.83	96.25	96.25
276412	48	45.9	5	93	50	48	0.83	96.25	96.25
276564	47	45.7	5	93	50	47	1.67	96.25	96.25
276573	47	45.5	5	93	50	47	2.5	101.87	101.87
276637	47	45.05	5	93	50	47	2.5	102.25	102.25
276792	47	44.14	5	93	50	47	2.5	102.62	102.62
276801	47	43.22	5	93	50	47	2.5	103	103
276868	47	42.55	5	93	50	47	2.5	103.37	103.37
277022	47	41.9	5	93	50	47	2.5	103.75	103.75
277029	47	41.25	5	93	50	47	2.5	104.12	104.12
277096	48	39.68	5	93	50	48	2.5	104.5	104.5
277251	49	38.24	5	93	50	49	1.67	104.5	104.5
277259	49	36.8	5	93	50	49	0.83	104.5	104.5
277325	50	35.99	5	93	50	50	0.83	104.5	104.5
277480	51	35.72	5	93	50	51	0	104.5	104.5
277487	52	35.44	5	93	50	52	-0.83	104.5	104.5
277554	53	35.55	5	93	50	53	-1.67	104.5	104.5
277710	53	35.96	5	93	50	53	-2.5	98.87	98.87
277719	53	36.37	5	93	50	53	-2.5	98.5	98.5
277782	54	37.1	5	93	50	54	-2.5	98.12	98.12
277937	54	38.07	5	93	50	54	-3.33	96.75	96.75
277944	54	39.03	5	93	50	54	-3.33	96.25	96.25
278008	53	39.6	5	93	50	53	-3.33	95.75	95.75
278162	53	39.99	5	93	50	53	-2.5	96.25	96.25
278170	52	40.38	5	93	50	52	-2.5	95.87	95.87
278234	52	41.05	5	93	50	52	-1.67	95.87	95.87
278387	51	41.6	5	93	50	51	-1.67	95.87	95.87
278396	50	42.15	5	93	50	50	-0.83	95.87	95.87
278460	50	42.57	5	93	50	50	0	95.87	95.87
278614	49	42.71	5	93	50	49	0	95.87	95.87
278622	48	42.86	5	93	50	48	0.83	95.87	95.87
278684	48	42.6	5	93	50	48	1.67	95.87	95.87
278837	47	42.09	5	93	50	47	1.67	95.87	95.87
278844	47	41.57	5	93	50	47	2.5	101.5	101.5
278907	46	40.96	5	93	50	46	2.5	101.87	101.87
279062	46	40.18	5	93	50	46	3.33	103.25	103.25
279070	45	39.4	5	93	50	45	3.33	103.75	103.75
279137	46	38.98	5	93	50	46	4.17	105.25	105.25
279291	46	38.38	5	93	50	46	3.33	104.87	104.87
279300	47	37.78	5	93	50	47	3.33	105.37	105.37
279366	48	36.76	5	93	50	48	2.5	104.87	104.87
279521	49	36	5	93	50	49	1.67	104.87	104.87
279529	50	35.07	5	93	50	50	0.83	104.87	104.87
279596	51	34.57	5	93	50	51	0	104.87	104.87
279750	52	34.54	5	93	50	52	-0.83	104.87	104.87
279757	52	34.69	5	93	50	52	-1.67	104.87	104.87
279826	53	35.19	5	93	50	53	-1.67	104.87	104.87
279982	53	35.96	5	93	50	53	-2.5	99.25	99.25
279989	54	36.72	5	93	50	54	-2.5	98.87	98.87
280053	54	37.63	5	93	50	54	-3.33	97.5	97.5
280207	53	38.86	5	93	50	53	-3.33	97	97
280214	54	40.09	5	93	50	54	-2.5	97.5	97.5
280279	53	40.83	5	93	50	53	-3.33	96.12	96.12
280432	53	41.2	5	93	50	53	-2.5	96.62	96.62
280440	53	41.56	5	93	50	53	-2.5	96.25	96.25
280505	52	42.1	5	93	50	52	-2.5	95.87	95.87
280658	51	42.46	5	93	50	51	-1.67	95.87	95.87
280666	51	42.94	5	93	50	51	-0.83	95.87	95.87
280730	50	43.23	5	93	50	50	-0.83	95.87	95.87
280884	49	43.19	5	93	50	49	0	95.87	95.87
280893	48	43.02	5	93	50	48	0.83	95.87	95.87
280955	48	42.52	5	93	50	48	1.67	95.87	95.87
281108	47	41.79	5	93	50	47	1.67	95.87	95.87
281117	46	41.06	5	93	50	46	2.5	101.5	101.5
281182	46	40.19	5	93	50	46	3.33	102.87	102.87
281336	45	39.12	5	93	50	45	3.33	103.37	103.37
281346	45	38.06	5	93	50	45	4.17	104.87	104.87
281412	45	37.47	5	93	50	45	4.17	105.5	105.5
281567	46	36.67	5	93	50	46	4.17	106.12	106.12
281575	47	35.88	5	93	50	47	3.33	105.75	105.75
281641	48	34.65	5	93	50	48	2.5	105.25	105.25
281796	50	34.02	5	93	50	50	1.67	105.25	105.25
281804	51	33.4	5	93	50	51	0	105.25	105.25
281870	52	33.22	5	93	50	52	-0.83	105.25	105.25
282027	53	33.51	5	93	50	53	-1.67	105.25	105.25
282034	54	33.8	5	93	50	54	-2.5	99.62	99.62
282099	54	34.74	5	93	50	54	-3.33	98.25	98.25
282254	55	36.54	5	93	50	55	-3.33	97.75	97.75
282260	55	38.34	5	93	50	55	-4.17	96.25	96.25
282324	55	40.66	5	93	50	55	-4.17	95.62	95.62
282478	54	42.68	5	93	50	54	-4.17	95	95
282486	54	44.7	5	93	50	54	-3.33	95.37	95.37
282551	53	46.08	5	93	50	53	-3.33	94.87	94.87
282704	52	46.94	5	93	50	52	-2.5	95.37	95.37
282714	52	47.8	5	93	50	52	-1.67	95.37	95.37
282777	51	48.31	5	93	50	51	-1.67	95.37	95.37
282931	50	48.52	5	93	50	50	-0.83	95.37	95.37
282938	49	48.74	5	93	50	49	0	95.37	95.37
283001	48	48.77	5	93	50	48	0.83	95.37	95.37
283154	48	48.73	5	93	50	48	1.67	95.37	95.37
283163	47	48.69	5	93	50	47	1.67	95.37	95.37
283226	46	48.18	5	93	50	46	2.5	101	101
283380	46	46.92	5	93	50	46	3.33	102.37	102.37
283388	46	45.67	5	93	50	46	3.33	102.87	102.87
283455	45	43.76	5	93	50	45	3.33	103.37	103.37
283610	46	41.51	5	93	50	46	4.17	104.87	104.87
283617	46	39.26	5	93	50	46	3.33	104.5	104.5
283683	46	37.29	5	93	50	46	3.33	105	105
283838	48	35.92	5	93	50	48	3.33	105.5	105.5
283845	48	34.54	5	93	50	48	1.67	105.5	105.5
283912	49	33.7	5	93	50	49	1.67	105.5	105.5
284066	50	33.43	5	93	50	50	0.83	105.5	105.5
284075	51	33.15	5	93	50	51	0	105.5	105.5
284140	52	33.18	5	93	50	52	-0.83	105.5	105.5
284297	53	33.76	5	93	50	53	-1.67	105.5	105.5
284303	54	34.34	5	93	50	54	-2.5	99	99
284369	54	35.78	5	93	50	54	-3.33	97.62	97.62
284523	55	37.8	5	93	50	55	-3.33	97.12	97.12
284531	55	41.11	5	93	50	55	-4.17	95.62	95.62
284595	55	43.55	5	93	50	55	-4.17	95	95
284749	54	45.66	5	93	50	54	-4.17	94.37	94.37
284756	54	46.49	5	93	50	54	-3.33	94.75	94.75
284821	53	47.77	5	93	50	53	-3.33	94.25	94.25
284975	52	48.49	5	93	50	52	-2.5	94.75	94.75
284983	51	49.2	5	93	50	51	-1.67	94.75	94.75
285046	50	49.65	5	93	50	50	-0.83	94.75	94.75
285201	49	49.81	5	93	50	49	0	94.75	94.75
285207	48	49.97	5	93	50	48	0.83	94.75	94.75
285270	47	49.95	5	93	50	47	1.67	94.75	94.75
285422	47	49.72	5	93	50	47	2.5	100.37	100.37
285431	46	49.5	5	93	50	46	2.5	100.75	100.75
285498	45	48.68	5	93	50	45	3.33	102.12	102.12
285652	45	47.2	5	93	50	45	4.17	103.62	103.62
285660	45	45.72	5	93	50	45	4.17	104.25	104.25
285726	45	43.72	5	93	50	45	4.17	104.87	104.87
285881	45	41.44	5	93	50	45	4.17	105.5	105.5
285890	46	39.16	5	93	50	46	4.17	106.12	106.12
285956	47	37.2	5	93	50	47	3.33	105.75	105.75
286110	49	35.93	5	93	50	49	2.5	105.25	105.25
286118	50	34.66	5	93	50	50	0.83	105.25	105.25
286185	51	34	5	93	50	51	0	105.25	105.25
286340	53	34.08	5	93	50	53	-0.83	105.25	105.25
286348	54	34.16	5	93	50	54	-2.5	99.62	99.62
286414	54	34.41	5	93	50	54	-3.33	98.25	98.25
286568	54	35.4	5	93	50	54	-3.33	97.75	97.75
286575	54	36.39	5	93	50	54	-3.33	97.25	97.25
286640	54	38.48	5	93	50	54	-3.33	96.75	96.75
286793	54	40.51	5	93	50	54	-3.33	96.25	96.25
286800	53	43.13	5	93	50	53	-3.33	95.75	95.75
286865	52	44.66	5	93	50	52	-2.5	96.25	96.25
287019	51	45.45	5	93	50	51	-1.67	96.25	96.25
287027	51	45.65	5	93	50	51	-0.83	96.25	96.25
287090	50	45.96	5	93	50	50	-0.83	96.25	96.25
287244	49	46.13	5	93	50	49	0	96.25	96.25
287253	49	46.31	5	93	50	49	0.83	96.25	96.25
287315	48	46.39	5	93	50	48	0.83	96.25	96.25
287468	48	46.3	5	93	50	48	1.67	96.25	96.25
287476	47	46.21	5	93	50	47	1.67	96.25	96.25
287539	47	46.12	5	93	50	47	2.5	101.87	101.87
0	0	0	0	0	0	0	0	0	0
0	0	0	0	0	0	0	0	0	0
296671	48	45.85	5	93	60	48	10.83	101	101
296790	48	44.8	5	93	60	48	10	101.62	101.62
296798	49	42.83	5	93	60	49	10	103.12	103.12
296866	49	41.14	5	93	60	49	9.17	103.62	103.62
296935	50	39.47	5	93	60	50	9.17	105	105
297090	50	38.32	5	93	60	50	8.33	105.37	105.37
297097	52	37.17	5	93	60	52	8.33	106.62	106.62
297163	52	36.77	5	93	60	52	6.67	105.87	105.87
297318	52	36.78	5	93	60	52	6.67	106.87	106.87
297325	53	36.8	5	93	60	53	6.67	107.87	107.87
297392	54	37.04	5	93	60	54	5.83	107.87	107.87
297546	55	37.92	5	93	60	55	5	107.75	107.75
297553	56	39.77	5	93	60	56	4.17	107.5	107.5
297620	57	41.39	5	93	60	57	3.33	107.12	107.12
297775	57	44.05	5	93	60	57	2.5	106.62	106.62
297783	58	45.73	5	93	60	58	2.5	107	107
297849	59	49.07	5	93	60	59	1.67	107	107
298004	59	52.24	5	93	60	59	0.83	107	107
298012	59	55.41	5	93	60	59	0.83	107	107
298078	60	58.24	5	93	60	60	0.83	107	107
298232	60	60.75	5	93	60	60	0	107	107
298241	60	63.25	5	93	60	60	0	107	107
298306	60	65.54	5	93	60	60	0	107	107
298461	60	67.62	5	93	60	60	0	107	107
298468	60	69.7	5	93	60	60	0	107	107
298534	60	71.46	5	93	60	60	0	107	107
298689	60	72.79	5	93	60	60	0	107	107
298696	59	74.11	5	93	60	59	0	107	107
298763	60	74.66	5	93	60	60	0.83	107	107
298917	59	75.03	5	93	60	59	0	107	107
298925	60	75.4	5	93	60	60	0.83	107	107
298991	60	75.46	5	93	60	60	0	107	107
299146	60	74.76	5	93	60	60	0	107	107
299153	60	74.05	5	93	60	60	0	107	107
299218	61	73.39	5	93	60	61	0	107	107
299374	61	73.08	5	93	60	61	-0.83	107	107
299381	61	72.77	5	93	60	61	-0.83	107	107
299449	61	72.79	5	93	60	61	-0.83	107	107
299604	61	72.96	5	93	60	61	-0.83	107	107
299613	61	73.13	5	93	60	61	-0.83	107	107
299681	61	73.29	5	93	60	61	-0.83	107	107
299837	61	73.43	5	93	60	61	-0.83	107	107
299844	60	73.56	5	93	60	60	-0.83	107	107
299913	60	73.56	5	93	60	60	0	107	107
300067	60	73.35	5	93	60	60	0	107	107
300075	60	73.14	5	93	60	60	0	107	107
300140	60	72.81	5	93	60	60	0	107	107
300296	60	72.45	5	93	60	60	0	107	107
300303	60	72.1	5	93	60	60	0	107	107
300368	60	71.94	5	93	60	60	0	107	107
300523	61	71.9	5	93	60	61	0	107	107
300531	61	71.87	5	93	60	61	-0.83	107	107
300598	61	71.82	5	93	60	61	-0.83	107	107
300754	60	71.76	5	93	60	60	-0.83	107	107
300761	61	71.73	5	93	60	61	0	107	107
300828	61	71.71	5	93	60	61	-0.83	107	107
300984	61	71.75	5	93	60	61	-0.83	107	107
300991	61	71.77	5	93	60	61	-0.83	107	107
301059	61	71.89	5	93	60	61	-0.83	107	107
301215	61	72.09	5	93	60	61	-0.83	107	107
301222	62	72.29	5	93	60	62	-0.83	107	107
301290	62	72.43	5	93	60	62	-1.67	107	107
301447	62	72.41	5	93	60	62	-1.67	107	107
301453	62	72.4	5	93	60	62	-1.67	107	107
301521	62	72.29	5	93	60	62	-1.67	107	107
301677	62	72.05	5	93	60	62	-1.67	107	107
301684	61	71.81	5	93	60	61	-1.67	107	107
301753	61	71.47	5	93	60	61	-0.83	107	107
301908	60	71.23	5	93	60	60	-0.83	107	107
301916	61	70.99	5	93	60	61	0	107	107
301983	61	70.92	5	93	60	61	-0.83	107	107
302139	61	71.1	5	93	60	61	-0.83	107	107
302147	61	71.29	5	93	60	61	-0.83	107	107
302215	61	71.74	5	93	60	61	-0.83	107	107
302370	60	72.29	5	93	60	60	-0.83	107	107
302377	61	72.83	5	93	60	61	0	107	107
302445	61	73.09	5	93	60	61	-0.83	107	107
302601	61	73.16	5	93	60	61	-0.83	107	107
302610	61	73.22	5	93	60	61	-0.83	107	107
302678	61	73.36	5	93	60	61	-0.83	107	107
302833	61	73.62	5	93	60	61	-0.83	107	107
302841	62	73.87	5	93	60	62	-0.83	107	107
302909	62	74.06	5	93	60	62	-1.67	107	107
303066	62	74.3	5	93	60	62	-1.67	107	107
303073	61	74.54	5	93	60	61	-1.67	107	107
303140	61	74.91	5	93	60	61	-0.83	107	107
303297	61	75.1	5	93	60	61	-0.83	107	107
303304	61	75.29	5	93	60	61	-0.83	107	107
303372	61	75.22	5	93	60	61	-0.83	107	107
303528	61	74.59	5	93	60	61	-0.83	107	107
303536	61	73.96	5	93	60	61	-0.83	107	107
303604	61	72.96	5	93	60	61	-0.83	107	107
303760	61	72.01	5	93	60	61	-0.83	107	107
303768	61	71.06	5	93	60	61	-0.83	107	107
303836	61	70.46	5	93	60	61	-0.83	107	107
303991	60	70.29	5	93	60	60	-0.83	107	107
304000	61	70.12	5	93	60	61	0	107	107
304066	61	70	5	93	60	61	-0.83	107	107
304223	61	69.67	5	93	60	61	-0.83	107	107
304229	61	69.35	5	93	60	61	-0.83	107	107
304297	61	68.94	5	93	60	61	-0.83	107	107
304453	61	68.67	5	93	60	61	-0.83	107	107
304460	61	68.4	5	93	60	61	-0.83	107	107
304529	61	68.31	5	93	60	61	-0.83	107	107
304685	61	68.47	5	93	60	61	-0.83	107	107
304693	61	68.63	5	93	60	61	-0.83	107	107
304760	61	69.11	5	93	60	61	-0.83	107	107
304917	61	69.69	5	93	60	61	-0.83	107	107
304924	61	70.27	5	93	60	61	-0.83	107	107
304993	61	70.53	5	93	60	61	-0.83	107	107
305148	61	70.68	5	93	60	61	-0.83	107	107
305157	61	70.83	5	93	60	61	-0.83	107	107
305224	61	71.04	5	93	60	61	-0.83	107	107
305381	60	71.19	5	93	60	60	-0.83	107	107
305388	60	71.48	5	93	60	60	0	107	107
305456	60	71.7	5	93	60	60	0	107	107
305610	60	71.99	5	93	60	60	0	107	107
305618	60	72.14	5	93	60	60	0	107	107
305684	60	72.41	5	93	60	60	0	107	107
305840	60	72.48	5	93	60	60	0	107	107
305846	60	72.56	5	93	60	60	0	107	107
305912	60	72.28	5	93	60	60	0	107	107
306067	60	71.97	5	93	60	60	0	107	107
306075	60	71.67	5	93	60	60	0	107	107
306142	60	71.56	5	93	60	60	0	107	107
306296	60	71.51	5	93	60	60	0	107	107
306304	60	71.46	5	93	60	60	0	107	107
306369	61	71.24	5	93	60	61	0	107	107
306525	61	70.9	5	93	60	61	-0.83	107	107
306532	61	70.55	5	93	60	61	-0.83	107	107
306599	61	70.39	5	93	60	61	-0.83	107	107
306755	61	70.24	5	93	60	61	-0.83	107	107
306763	62	70.09	5	93	60	62	-0.83	107	107
306832	62	69.84	5	93	60	62	-1.67	107	107
306988	62	69.88	5	93	60	62	-1.67	107	107
306996	62	69.91	5	93	60	62	-1.67	107	107
307063	61	70.06	5	93	60	61	-1.67	107	107
307219	61	70.41	5	93	60	61	-0.83	107	107
307227	61	70.76	5	93	60	61	-0.83	107	107
307295	60	71.45	5	93	60	60	-0.83	107	107
307451	60	71.93	5	93	60	60	0	107	107
307459	60	72.58	5	93	60	60	0	107	107
307525	60	72.89	5	93	60	60	0	107	107
307680	60	73.17	5	93	60	60	0	107	107
307687	60	73.28	5	93	60	60	0	107	107
307753	61	73.65	5	93	60	61	0	107	107
307908	61	74.01	5	93	60	61	-0.83	107	107
307915	61	74.37	5	93	60	61	-0.83	107	107
307984	61	74.55	5	93	60	61	-0.83	107	107
308140	61	74.69	5	93	60	61	-0.83	107	107
308148	61	74.83	5	93	60	61	-0.83	107	107
308215	61	74.88	5	93	60	61	-0.83	107	107
308372	61	74.77	5	93	60	61	-0.83	107	107
308379	61	74.66	5	93	60	61	-0.83	107	107
308447	61	74.49	5	93	60	61	-0.83	107	107
308603	61	74.16	5	93	60	61	-0.83	107	107
308611	61	73.83	5	93	60	61	-0.83	107	107
308679	61	73.57	5	93	60	61	-0.83	107	107
308835	61	73.18	5	93	60	61	-0.83	107	107
308842	61	72.79	5	93	60	61	-0.83	107	107
308911	61	72.09	5	93	60	61	-0.83	107	107
309066	61	71.64	5	93	60	61	-0.83	107	107
309074	61	71.18	5	93	60	61	-0.83	107	107
309142	61	71.03	5	93	60	61	-0.83	107	107
309298	61	71.04	5	93	60	61	-0.83	107	107
309306	61	71.06	5	93	60	61	-0.83	107	107
309374	61	71.1	5	93	60	61	-0.83	107	107
309530	61	71.18	5	93	60	61	-0.83	107	107
309537	61	71.17	5	93	60	61	-0.83	107	107
309606	61	71.13	5	93	60	61	-0.83	107	107
309762	61	70.83	5	93	60	61	-0.83	107	107
309770	61	70.62	5	93	60	61	-0.83	107	107
309837	61	70.22	5	93	60	61	-0.83	107	107
309993	61	70.08	5	93	60	61	-0.83	107	107
310001	61	69.93	5	93	60	61	-0.83	107	107
310069	61	70.04	5	93	60	61	-0.83	107	107
310224	61	70.19	5	93	60	61	-0.83	107	107
310233	61	70.34	5	93	60	61	-0.83	107	107
310301	61	70.45	5	93	60	61	-0.83	107	107
310457	61	70.46	5	93	60	61	-0.83	107	107
310464	62	70.48	5	93	60	62	-0.83	107	107
310533	62	70.45	5	93	60	62	-1.67	107	107
310688	62	70.41	5	93	60	62	-1.67	107	107
310696	62	70.37	5	93	60	62	-1.67	107	107
310764	62	70.33	5	93	60	62	-1.67	107	107
310921	61	70.43	5	93	60	61	-1.67	107	107
310928	61	70.53	5	93	60	61	-0.83	107	107
310996	61	70.74	5	93	60	61	-0.83	107	107
311152	60	70.97	5	93	60	60	-0.83	107	107
311160	60	71.21	5	93	60	60	0	107	107
311227	60	71.36	5	93	60	60	0	107	107
311383	60	71.63	5	93	60	60	0	107	107
311390	60	71.9	5	93	60	60	0	107	107
311456	60	72.39	5	93	60	60	0	107	107
311611	60	72.62	5	93	60	60	0	107	107
311618	60	72.85	5	93	60	60	0	107	107
311685	61	72.87	5	93	60	61	0	107	107
311839	61	72.68	5	93	60	61	-0.83	107	107
311846	61	72.49	5	93	60	61	-0.83	107	107
311915	61	72.17	5	93	60	61	-0.83	107	107
312071	61	71.97	5	93	60	61	-0.83	107	107
312079	61	71.78	5	93	60	61	-0.83	107	107
312147	61	71.73	5	93	60	61	-0.83	107	107
312303	61	71.86	5	93	60	61	-0.83	107	107
312311	60	71.99	5	93	60	60	-0.83	107	107
312379	60	72.18	5	93	60	60	0	107	107
312534	61	72.24	5	93	60	61	0	107	107
312541	61	72.31	5	93	60	61	-0.83	107	107
312608	61	72.21	5	93	60	61	-0.83	107	107
312764	61	72.2	5	93	60	61	-0.83	107	107
312771	61	72.19	5	93	60	61	-0.83	107	107
312840	61	72.42	5	93	60	61	-0.83	107	107
312995	61	72.9	5	93	60	61	-0.83	107	107
313004	61	73.37	5	93	60	61	-0.83	107	107
313071	61	73.91	5	93	60	61	-0.83	107	107
313227	60	74.33	5	93	60	60	-0.83	107	107
313235	60	74.75	5	93	60	60	0	107	107
313303	60	74.92	5	93	60	60	0	107	107
313457	60	74.96	5	93	60	60	0	107	107
313465	60	75.01	5	93	60	60	0	107	107
313532	60	75	5	93	60	60	0	107	107
313687	60	74.91	5	93	60	60	0	107	107
313694	60	74.83	5	93	60	60	0	107	107
313759	60	74.79	5	93	60	60	0	107	107
313915	60	74.78	5	93	60	60	0	107	107
313922	61	74.76	5	93	60	61	0	107	107
313988	60	74.73	5	93	60	60	-0.83	107	107
314143	60	74.54	5	93	60	60	0	107	107
314151	60	74.34	5	93	60	60	0	107	107
314217	61	73.89	5	93	60	61	0	107	107
314372	61	73.33	5	93	60	61	-0.83	107	107
314379	61	72.76	5	93	60	61	-0.83	107	107
314447	61	72.15	5	93	60	61	-0.83	107	107
314603	61	71.56	5	93	60	61	-0.83	107	107
314610	61	70.97	5	93	60	61	-0.83	107	107
314679	61	70.44	5	93	60	61	-0.83	107	107
314834	61	69.97	5	93	60	61	-0.83	107	107
314842	61	69.51	5	93	60	61	-0.83	107	107
314910	61	69.29	5	93	60	61	-0.83	107	107
315066	61	69.27	5	93	60	61	-0.83	107	107
315073	61	69.24	5	93	60	61	-0.83	107	107
315142	61	69.18	5	93	60	61	-0.83	107	107
315297	61	69.12	5	93	60	61	-0.83	107	107
315304	61	69.07	5	93	60	61	-0.83	107	107
315372	61	69.04	5	93	60	61	-0.83	107	107
315529	61	69.2	5	93	60	61	-0.83	107	107
315536	60	69.36	5	93	60	60	-0.83	107	107
315603	61	69.8	5	93	60	61	0	107	107
315759	60	70.39	5	93	60	60	-0.83	107	107
315766	60	71.25	5	93	60	60	0	107	107
315833	60	71.83	5	93	60	60	0	107	107
315988	61	72.27	5	93	60	61	0	107	107
315996	61	72.44	5	93	60	61	-0.83	107	107
316063	61	72.71	5	93	60	61	-0.83	107	107
316219	61	72.82	5	93	60	61	-0.83	107	107
316226	61	72.94	5	93	60	61	-0.83	107	107
316295	61	72.79	5	93	60	61	-0.83	107	107
316450	61	72.37	5	93	60	61	-0.83	107	107
316459	61	71.95	5	93	60	61	-0.83	107	107
316526	61	71.41	5	93	60	61	-0.83	107	107
316682	61	70.71	5	93	60	61	-0.83	107	107
316691	61	70.01	5	93	60	61	-0.83	107	107
316759	61	69.21	5	93	60	61	-0.83	107	107
316914	61	68.48	5	93	60	61	-0.83	107	107
316922	61	67.75	5	93	60	61	-0.83	107	107
316991	60	67.15	5	93	60	60	-0.83	107	107
317147	60	66.71	5	93	60	60	0	107	107
317155	60	66.28	5	93	60	60	0	107	107
317221	61	66.17	5	93	60	61	0	107	107
317376	60	66.46	5	93	60	60	-0.83	107	107
317384	61	66.75	5	93	60	61	0	107	107
317452	61	66.97	5	93	60	61	-0.83	107	107
317607	61	67.13	5	93	60	61	-0.83	107	107
317615	61	67.29	5	93	60	61	-0.83	107	107
317682	61	67.68	5	93	60	61	-0.83	107	107
317839	61	67.97	5	93	60	61	-0.83	107	107
317846	61	68.25	5	93	60	61	-0.83	107	107
317915	62	68.3	5	93	60	62	-0.83	107	107
318070	61	68.42	5	93	60	61	-1.67	107	107
318078	61	68.53	5	93	60	61	-0.83	107	107
318147	61	68.76	5	93	60	61	-0.83	107	107
318303	61	69.18	5	93	60	61	-0.83	107	107
318310	61	69.62	5	93	60	61	-0.83	107	107
318377	61	69.95	5	93	60	61	-0.83	107	107
318534	61	70.09	5	93	60	61	-0.83	107	107
318540	62	70.2	5	93	60	62	-0.83	107	107
318609	62	70.14	5	93	60	62	-1.67	107	107
318765	62	69.96	5	93	60	62	-1.67	107	107
318772	62	69.77	5	93	60	62	-1.67	107	107
318840	61	69.7	5	93	60	61	-1.67	107	107
318996	61	69.67	5	93	60	61	-0.83	107	107
319003	61	69.63	5	93	60	61	-0.83	107	107
319071	61	69.67	5	93	60	61	-0.83	107	107
319226	61	69.8	5	93	60	61	-0.83	107	107
319234	61	69.92	5	93	60	61	-0.83	107	107
319302	61	70.1	5	93	60	61	-0.83	107	107
319458	61	69.97	5	93	60	61	-0.83	107	107
319464	61	69.83	5	93	60	61	-0.83	107	107
319533	61	69.63	5	93	60	61	-0.83	107	107
319688	62	69.56	5	93	60	62	-0.83	107	107
319695	62	69.49	5	93	60	62	-1.67	107	107
319764	62	69.3	5	93	60	62	-1.67	107	107
319920	61	69.24	5	93	60	61	-1.67	107	107
319927	62	69.17	5	93	60	62	-0.83	107	107
319994	61	69.23	5	93	60	61	-1.67	107	107
320151	62	68.99	5	93	60	62	-0.83	107	107
320157	61	68.75	5	93	60	61	-1.67	107	107
320226	62	68.65	5	93	60	62	-0.83	107	107
320381	62	70.98	5	93	60	62	-1.67	107	107
320389	62	82.32	5	93	60	62	-1.67	107	107
320457	62	93.51	5	93	60	62	-1.67	107	107
320613	63	102.33	5	93	60	63	-1.67	107	107
320620	63	102.15	5	93	60	63	-2.5	101.37	101.37
320690	63	101.88	5	93	60	63	-2.5	101	101
320848	62	101.7	5	93	60	62	-2.5	100.62	100.62
320857	62	101.58	5	93	60	62	-1.67	100.62	100.62
320926	62	101.56	5	93	60	62	-1.67	100.62	100.62
321085	60	101.72	5	93	60	60	-1.67	100.62	100.62
321094	60	101.83	5	93	60	60	0	100.62	100.62
321163	59	102.01	5	93	60	59	0	100.62	100.62
321320	58	102.17	5	93	60	58	0.83	100.62	100.62
321328	57	101.66	5	93	60	57	1.67	100.62	100.62
321396	56	101.06	5	93	60	56	2.5	106.25	106.25
321553	56	97.23	5	93	60	56	3.33	107.62	107.62
321562	56	94.08	5	93	60	56	3.33	108.12	108.12
321629	56	80.99	5	93	60	56	3.33	108.62	108.62
321783	56	70.33	5	93	60	56	3.33	109.12	109.12
321790	56	59.68	5	93	60	56	3.33	109.62	109.62
321856	57	58.16	5	93	60	57	3.33	110.12	110.12
322012	58	57.24	5	93	60	58	2.5	109.62	109.62
322019	60	56.32	5	93	60	60	1.67	109.62	109.62
322085	61	55.92	5	93	60	61	0	109.62	109.62
322240	61	55.33	5	93	60	61	-0.83	109.62	109.62
322248	63	54.74	5	93	60	63	-0.83	109.62	109.62
322316	63	53.91	5	93	60	63	-2.5	104	104
322472	64	52.97	5	93	60	64	-2.5	103.62	103.62
322480	65	52.04	5	93	60	65	-3.33	102.25	102.25
322547	64	51.64	5	93	60	64	-4.17	100.75	100.75
322704	64	51.93	5	93	60	64	-3.33	101.12	101.12
322711	63	52.22	5	93	60	63	-3.33	100.62	100.62
322779	63	53.16	5	93	60	63	-2.5	101.12	101.12
322935	62	54.81	5	93	60	62	-2.5	100.75	100.75
322942	61	56.46	5	93	60	61	-1.67	100.75	100.75
323010	60	57.47	5	93	60	60	-0.83	100.75	100.75
323166	59	58.25	5	93	60	59	0	100.75	100.75
323174	58	59.02	5	93	60	58	0.83	100.75	100.75
323239	57	60.58	5	93	60	57	1.67	100.75	100.75
323395	56	61.17	5	93	60	56	2.5	106.37	106.37
323402	56	61.76	5	93	60	56	3.33	107.75	107.75
323468	55	61.38	5	93	60	55	3.33	108.25	108.25
323623	55	60.54	5	93	60	55	4.17	109.75	109.75
323631	56	59.7	5	93	60	56	4.17	110.37	110.37
323697	57	58.77	5	93	60	57	3.33	110	110
323852	58	58.29	5	93	60	58	2.5	109.5	109.5
323860	59	57.82	5	93	60	59	1.67	109.5	109.5
323927	60	57.44	5	93	60	60	0.83	109.5	109.5
324081	61	56.91	5	93	60	61	0	109.5	109.5
324088	62	56.37	5	93	60	62	-0.83	109.5	109.5
324156	62	56.03	5	93	60	62	-1.67	109.5	109.5
324312	63	55.65	5	93	60	63	-1.67	109.5	109.5
324319	63	55.27	5	93	60	63	-2.5	103.87	103.87
324387	64	54.63	5	93	60	64	-2.5	103.5	103.5
324543	64	54.07	5	93	60	64	-3.33	102.12	102.12
324550	64	53.51	5	93	60	64	-3.33	101.62	101.62
324619	64	53.2	5	93	60	64	-3.33	101.12	101.12
324774	63	53.33	5	93	60	63	-3.33	100.62	100.62
324783	62	53.47	5	93	60	62	-2.5	101.12	101.12
324851	62	53.81	5	93	60	62	-1.67	101.12	101.12
325007	61	54.8	5	93	60	61	-1.67	101.12	101.12
325016	60	55.78	5	93	60	60	-0.83	101.12	101.12
325084	59	56.55	5	93	60	59	0	101.12	101.12
325239	58	57.34	5	93	60	58	0.83	101.12	101.12
325245	57	58.14	5	93	60	57	1.67	101.12	101.12
325312	57	59.43	5	93	60	57	2.5	106.75	106.75
325467	56	60.01	5	93	60	56	2.5	107.12	107.12
325475	56	60.59	5	93	60	56	3.33	108.5	108.5
325540	56	60.73	5	93	60	56	3.33	109	109
325695	57	60.69	5	93	60	57	3.33	109.5	109.5
325703	57	60.65	5	93	60	57	2.5	109	109
325770	58	60.49	5	93	60	58	2.5	109.37	109.37
325924	60	60.43	5	93	60	60	1.67	109.37	109.37
325933	61	60.38	5	93	60	61	0	109.37	109.37
325998	62	60.24	5	93	60	62	-0.83	109.37	109.37
326154	62	59.81	5	93	60	62	-1.67	109.37	109.37
326161	63	59.39	5	93	60	63	-1.67	109.37	109.37
326230	63	59.13	5	93	60	63	-2.5	103.75	103.75
326385	63	58.77	5	93	60	63	-2.5	103.37	103.37
326392	63	58.41	5	93	60	63	-2.5	103	103
326461	63	57.74	5	93	60	63	-2.5	102.62	102.62
326617	63	57.36	5	93	60	63	-2.5	102.25	102.25
326624	62	56.97	5	93	60	62	-2.5	101.87	101.87
326691	62	56.9	5	93	60	62	-1.67	101.87	101.87
326847	61	56.99	5	93	60	61	-1.67	101.87	101.87
326854	61	57.08	5	93	60	61	-0.83	101.87	101.87
326923	59	57.59	5	93	60	59	-0.83	101.87	101.87
327078	58	58.41	5	93	60	58	0.83	101.87	101.87
327086	58	59.59	5	93	60	58	1.67	101.87	101.87
327152	58	60.35	5	93	60	58	1.67	101.87	101.87
327307	57	60.83	5	93	60	57	1.67	101.87	101.87
327314	56	60.95	5	93	60	56	2.5	107.5	107.5
327380	56	61.01	5	93	60	56	3.33	108.87	108.87
327535	56	60.73	5	93	60	56	3.33	109.37	109.37
327543	57	60.46	5	93	60	57	3.33	109.87	109.87
327609	57	59.75	5	93	60	57	2.5	109.37	109.37
327764	58	59.13	5	93	60	58	2.5	109.75	109.75
327772	59	58.51	5	93	60	59	1.67	109.75	109.75
327838	60	58.38	5	93	60	60	0.83	109.75	109.75
327993	62	58.14	5	93	60	62	0	109.75	109.75
328001	62	57.9	5	93	60	62	-1.67	109.75	109.75
328068	62	57.33	5	93	60	62	-1.67	109.75	109.75
328223	63	56.68	5	93	60	63	-1.67	109.75	109.75
328231	63	56.03	5	93	60	63	-2.5	104.12	104.12
328299	64	55.71	5	93	60	64	-2.5	103.75	103.75
328455	63	55.7	5	93	60	63	-3.33	102.37	102.37
328462	63	55.69	5	93	60	63	-2.5	102.87	102.87
328530	63	55.58	5	93	60	63	-2.5	102.5	102.5
328686	63	55.53	5	93	60	63	-2.5	102.12	102.12
328694	62	55.74	5	93	60	62	-2.5	101.75	101.75
328762	61	56.04	5	93	60	61	-1.67	101.75	101.75
328918	60	56.89	5	93	60	60	-0.83	101.75	101.75
328926	60	57.47	5	93	60	60	0	101.75	101.75
328992	59	58.83	5	93	60	59	0	101.75	101.75
329147	58	59.75	5	93	60	58	0.83	101.75	101.75
329154	58	60.66	5	93	60	58	1.67	101.75	101.75
329221	57	60.98	5	93	60	57	1.67	101.75	101.75
329375	56	61.22	5	93	60	56	2.5	107.37	107.37
329384	56	61.46	5	93	60	56	3.33	108.75	108.75
329450	56	61.24	5	93	60	56	3.33	109.25	109.25
329605	56	60.2	5	93	60	56	3.33	109.75	109.75
329613	57	59.16	5	93	60	57	3.33	110.25	110.25
329678	57	57.71	5	93	60	57	2.5	109.75	109.75
329833	59	56.82	5	93	60	59	2.5	110.12	110.12
329841	60	55.93	5	93	60	60	0.83	110.12	110.12
329907	62	55.73	5	93	60	62	0	110.12	110.12
330062	63	55.45	5	93	60	63	-1.67	110.12	110.12
330070	63	55.17	5	93	60	63	-2.5	104.5	104.5
330138	64	54.59	5	93	60	64	-2.5	104.12	104.12
330294	64	54.23	5	93	60	64	-3.33	102.75	102.75
330301	64	53.87	5	93	60	64	-3.33	102.25	102.25
330370	63	53.81	5	93	60	63	-3.33	101.75	101.75
330525	62	53.83	5	93	60	62	-2.5	102.25	102.25
330532	61	53.86	5	93	60	61	-1.67	102.25	102.25
330600	61	53.85	5	93	60	61	-0.83	102.25	102.25
330757	60	54.01	5	93	60	60	-0.83	102.25	102.25
330765	59	54.53	5	93	60	59	0	102.25	102.25
330831	58	55.08	5	93	60	58	0.83	102.25	102.25
330986	58	56.12	5	93	60	58	1.67	102.25	102.25
330994	58	56.79	5	93	60	58	1.67	102.25	102.25
331060	57	58.14	5	93	60	57	1.67	102.25	102.25
331215	57	58.99	5	93	60	57	2.5	107.87	107.87
331224	57	59.84	5	93	60	57	2.5	108.25	108.25
331289	56	60.22	5	93	60	56	2.5	108.62	108.62
331445	56	60.38	5	93	60	56	3.33	110	110
331452	57	60.54	5	93	60	57	3.33	110.5	110.5
331518	57	60.5	5	93	60	57	2.5	110	110
331673	58	60.32	5	93	60	58	2.5	110.37	110.37
331681	60	60.14	5	93	60	60	1.67	110.37	110.37
331747	61	59.64	5	93	60	61	0	110.37	110.37
331902	62	59.01	5	93	60	62	-0.83	110.37	110.37
331909	63	58.38	5	93	60	63	-1.67	110.37	110.37
331977	63	58.06	5	93	60	63	-2.5	104.75	104.75
332133	63	57.89	5	93	60	63	-2.5	104.37	104.37
332140	63	57.72	5	93	60	63	-2.5	104	104
332209	63	57.48	5	93	60	63	-2.5	103.62	103.62
332364	62	57.31	5	93	60	62	-2.5	103.25	103.25
332371	62	56.94	5	93	60	62	-1.67	103.25	103.25
332439	62	56.64	5	93	60	62	-1.67	103.25	103.25
332596	61	56.33	5	93	60	61	-1.67	103.25	103.25
332603	60	56.2	5	93	60	60	-0.83	103.25	103.25
332670	60	56.1	5	93	60	60	0	103.25	103.25
332825	59	56.41	5	93	60	59	0	103.25	103.25
332833	59	56.71	5	93	60	59	0.83	103.25	103.25
332900	58	57.14	5	93	60	58	0.83	103.25	103.25
333054	58	57.59	5	93	60	58	1.67	103.25	103.25
333063	58	58.05	5	93	60	58	1.67	103.25	103.25
333128	58	58.72	5	93	60	58	1.67	103.25	103.25
333283	57	59.27	5	93	60	57	1.67	103.25	103.25
333291	58	59.81	5	93	60	58	2.5	108.87	108.87
333357	57	59.99	5	93	60	57	1.67	108.87	108.87
333512	58	59.67	5	93	60	58	2.5	109.25	109.25
333518	58	59.35	5	93	60	58	1.67	109.25	109.25
333585	58	59.03	5	93	60	58	1.67	109.25	109.25
333740	59	58.78	5	93	60	59	1.67	109.25	109.25
333748	60	58.54	5	93	60	60	0.83	109.25	109.25
333814	61	58.02	5	93	60	61	0	109.25	109.25
333969	62	57.3	5	93	60	62	-0.83	109.25	109.25
333977	62	55.99	5	93	60	62	-1.67	109.25	109.25
334046	63	54.95	5	93	60	63	-1.67	109.25	109.25
334201	64	53.97	5	93	60	64	-2.5	103.62	103.62
334209	64	53.59	5	93	60	64	-3.33	102.25	102.25
334277	64	52.9	5	93	60	64	-3.33	101.75	101.75
334433	64	52.3	5	93	60	64	-3.33	101.25	101.25
334440	64	51.7	5	93	60	64	-3.33	100.75	100.75
334509	63	51.2	5	93	60	63	-3.33	100.25	100.25
334664	63	51.02	5	93	60	63	-2.5	100.75	100.75
334671	62	50.84	5	93	60	62	-2.5	100.37	100.37
334739	61	51.17	5	93	60	61	-1.67	100.37	100.37
334896	60	51.74	5	93	60	60	-0.83	100.37	100.37
334904	59	52.31	5	93	60	59	0	100.37	100.37
334970	59	52.85	5	93	60	59	0.83	100.37	100.37
335125	58	53.57	5	93	60	58	0.83	100.37	100.37
335133	57	54.29	5	93	60	57	1.67	100.37	100.37
335200	56	55.09	5	93	60	56	2.5	106	106
335354	55	55.43	5	93	60	55	3.33	107.37	107.37
335363	55	55.76	5	93	60	55	4.17	108.87	108.87
335428	55	55.32	5	93	60	55	4.17	109.5	109.5
335583	56	54.52	5	93	60	56	4.17	110.12	110.12
335591	56	53.71	5	93	60	56	3.33	109.75	109.75
335657	57	53.31	5	93	60	57	3.33	110.25	110.25
335812	58	53.13	5	93	60	58	2.5	109.75	109.75
335819	59	52.95	5	93	60	59	1.67	109.75	109.75
335885	60	52.42	5	93	60	60	0.83	109.75	109.75
336040	61	51.85	5	93	60	61	0	109.75	109.75
336049	62	51.3	5	93	60	62	-0.83	109.75	109.75
336115	63	51.11	5	93	60	63	-1.67	109.75	109.75
336272	64	51.64	5	93	60	64	-2.5	104.12	104.12
336279	64	52.14	5	93	60	64	-3.33	102.75	102.75
336347	65	53.46	5	93	60	65	-3.33	102.25	102.25
336503	64	55.5	5	93	60	64	-4.17	100.75	100.75
336512	64	57.54	5	93	60	64	-3.33	101.12	101.12
336580	64	60.37	5	93	60	64	-3.33	100.62	100.62
336736	63	63.51	5	93	60	63	-3.33	100.12	100.12
336743	62	66.65	5	93	60	62	-2.5	100.62	100.62
336812	61	69.55	5	93	60	61	-1.67	100.62	100.62
336967	60	71.85	5	93	60	60	-0.83	100.62	100.62
336974	60	74.16	5	93	60	60	0	100.62	100.62
337041	59	75.89	5	93	60	59	0	100.62	100.62
337196	58	76.94	5	93	60	58	0.83	100.62	100.62
337203	57	78	5	93	60	57	1.67	100.62	100.62
337269	57	78.28	5	93	60	57	2.5	106.25	106.25
337424	56	77.91	5	93	60	56	2.5	106.62	106.62
337432	56	77.54	5	93	60	56	3.33	108	108
337499	56	76.01	5	93	60	56	3.33	108.5	108.5
337653	56	73.45	5	93	60	56	3.33	109	109
337661	57	70.88	5	93	60	57	3.33	109.5	109.5
337728	57	69.48	5	93	60	57	2.5	109	109
337883	58	68.12	5	93	60	58	2.5	109.37	109.37
337891	59	66.77	5	93	60	59	1.67	109.37	109.37
337956	61	63.78	5	93	60	61	0.83	109.37	109.37
338111	61	60.72	5	93	60	61	-0.83	109.37	109.37
338119	62	57.67	5	93	60	62	-0.83	109.37	109.37
338188	63	55	5	93	60	63	-1.67	109.37	109.37
338344	64	52.77	5	93	60	64	-2.5	103.75	103.75
338352	64	50.54	5	93	60	64	-3.33	102.37	102.37
338420	64	48.87	5	93	60	64	-3.33	101.87	101.87
338578	63	47.94	5	93	60	63	-3.33	101.37	101.37
338585	63	47.01	5	93	60	63	-2.5	101.87	101.87
338654	63	47	5	93	60	63	-2.5	101.5	101.5
338810	47.73	5	93	60	62	-2.5	101.12	101.12	
338820	61	48.45	5	93	60	61	-1.67	101.12	101.12
338887	61	49.36	5	93	60	61	-0.83	101.12	101.12
339045	59	49.93	5	93	60	59	-0.83	101.12	101.12
339053	59	50.49	5	93	60	59	0.83	101.12	101.12
339121	58	50.94	5	93	60	58	0.83	101.12	101.12
339276	57	51.65	5	93	60	57	1.67	101.12	101.12
339284	57	52.36	5	93	60	57	2.5	106.75	106.75
339351	56	53.11	5	93	60	56	2.5	107.12	107.12
339507	56	53.5	5	93	60	56	3.33	108.5	108.5
339515	56	53.88	5	93	60	56	3.33	109	109
339581	57	53.65	5	93	60	57	3.33	109.5	109.5
339738	57	53.27	5	93	60	57	2.5	109	109
339745	58	52.89	5	93	60	58	2.5	109.37	109.37
339811	59	52.79	5	93	60	59	1.67	109.37	109.37
339965	60	52.63	5	93	60	60	0.83	109.37	109.37
339974	61	52.46	5	93	60	61	0	109.37	109.37
340039	62	52.08	5	93	60	62	-0.83	109.37	109.37
340195	63	51.67	5	93	60	63	-1.67	109.37	109.37
340203	64	51.12	5	93	60	64	-2.5	103.75	103.75
340271	65	50.78	5	93	60	65	-3.33	102.37	102.37
340426	65	50.71	5	93	60	65	-4.17	100.87	100.87
340433	65	50.77	5	93	60	65	-4.17	100.25	100.25
340502	64	50.9	5	93	60	64	-4.17	99.62	99.62
340656	63	51.1	5	93	60	63	-3.33	100	100
340664	62	51.31	5	93	60	62	-2.5	100.5	100.5
340732	61	51.69	5	93	60	61	-1.67	100.5	100.5
340888	60	52.53	5	93	60	60	-0.83	100.5	100.5
340896	60	53.36	5	93	60	60	0	100.5	100.5
340964	59	54.2	5	93	60	59	0	100.5	100.5
341118	57	54.75	5	93	60	57	0.83	100.5	100.5
341127	57	55.29	5	93	60	57	2.5	106.12	106.12
341193	56	55.88	5	93	60	56	2.5	106.5	106.5
341348	56	56.05	5	93	60	56	3.33	107.87	107.87
341355	56	56.21	5	93	60	56	3.33	108.37	108.37
341422	56	56.08	5	93	60	56	3.33	108.87	108.87
341576	57	55.99	5	93	60	57	3.33	109.37	109.37
341584	58	55.91	5	93	60	58	2.5	108.87	108.87
341650	59	55.68	5	93	60	59	1.67	108.87	108.87
341805	60	55.33	5	93	60	60	0.83	108.87	108.87
341813	60	54.98	5	93	60	60	0	108.87	108.87
341878	60	54.77	5	93	60	60	0	108.87	108.87
342034	62	54.41	5	93	60	62	0	108.87	108.87
342042	62	54.04	5	93	60	62	-1.67	108.87	108.87
342109	62	53.47	5	93	60	62	-1.67	108.87	108.87
342264	62	52.99	5	93	60	62	-1.67	108.87	108.87
342272	62	52.5	5	93	60	62	-1.67	108.87	108.87
342340	62	52.17	5	93	60	62	-1.67	108.87	108.87
342496	62	52.06	5	93	60	62	-1.67	108.87	108.87
342504	62	51.94	5	93	60	62	-1.67	108.87	108.87
342573	62	52	5	93	60	62	-1.67	108.87	108.87
342728	62	52.59	5	93	60	62	-1.67	108.87	108.87
342735	62	53.17	5	93	60	62	-1.67	108.87	108.87
342804	62	54.01	5	93	60	62	-1.67	108.87	108.87
342960	62	54.54	5	93	60	62	-1.67	108.87	108.87
342967	62	55.07	5	93	60	62	-1.67	108.87	108.87
343035	63	55.43	5	93	60	63	-1.67	108.87	108.87
343191	63	55.95	5	93	60	63	-2.5	103.25	103.25
343197	63	56.46	5	93	60	63	-2.5	102.87	102.87
343266	63	57.01	5	93	60	63	-2.5	102.5	102.5
343421	63	57.54	5	93	60	63	-2.5	102.12	102.12
343430	63	58.07	5	93	60	63	-2.5	101.75	101.75
343498	63	58.36	5	93	60	63	-2.5	101.37	101.37
343654	62	58.48	5	93	60	62	-2.5	101	101
343661	61	58.6	5	93	60	61	-1.67	101	101
343729	60	58.72	5	93	60	60	-0.83	101	101
343884	59	58.68	5	93	60	59	0	101	101
343892	59	58.65	5	93	60	59	0.83	101	101
343958	58	58.61	5	93	60	58	0.83	101	101
344114	57	58.66	5	93	60	57	1.67	101	101
344122	56	58.7	5	93	60	56	2.5	106.62	106.62
344188	56	58.62	5	93	60	56	3.33	108	108
344343	56	58.3	5	93	60	56	3.33	108.5	108.5
344351	56	57.48	5	93	60	56	3.33	109	109
344418	57	56.78	5	93	60	57	3.33	109.5	109.5
344572	58	56.19	5	93	60	58	2.5	109	109
344580	58	56.08	5	93	60	58	1.67	109	109
344645	59	55.89	5	93	60	59	1.67	109	109
344800	60	55.57	5	93	60	60	0.83	109	109
344808	61	55.25	5	93	60	61	0	109	109
344875	62	54.81	5	93	60	62	-0.83	109	109
345030	62	54.64	5	93	60	62	-1.67	109	109
345037	63	54.48	5	93	60	63	-1.67	109	109
345106	63	54.51	5	93	60	63	-2.5	103.37	103.37
345262	63	54.47	5	93	60	63	-2.5	103	103
345269	64	54.43	5	93	60	64	-2.5	102.62	102.62
345337	64	54.33	5	93	60	64	-3.33	101.25	101.25
345493	63	54.35	5	93	60	63	-3.33	100.75	100.75
345502	63	54.36	5	93	60	63	-2.5	101.25	101.25
345570	62	54.43	5	93	60	62	-2.5	100.87	100.87
345725	61	54.6	5	93	60	61	-1.67	100.87	100.87
345734	61	54.78	5	93	60	61	-0.83	100.87	100.87
345802	60	55.44	5	93	60	60	-0.83	100.87	100.87
345958	59	56.21	5	93	60	59	0	100.87	100.87
345965	58	56.99	5	93	60	58	0.83	100.87	100.87
346032	58	57.28	5	93	60	58	1.67	100.87	100.87
346186	57	57.48	5	93	60	57	1.67	100.87	100.87
346193	56	57.69	5	93	60	56	2.5	106.5	106.5
346259	55	57.91	5	93	60	55	3.33	107.87	107.87
346414	55	57.57	5	93	60	55	4.17	109.37	109.37
346421	56	57.22	5	93	60	56	4.17	110	110
346487	55	56.18	5	93	60	55	3.33	109.62	109.62
346642	56	55.32	5	93	60	56	4.17	111.12	111.12
346649	57	54.47	5	93	60	57	3.33	110.75	110.75
346716	58	54.21	5	93	60	58	2.5	110.25	110.25
346870	59	53.99	5	93	60	59	1.67	110.25	110.25
346878	60	53.77	5	93	60	60	0.83	110.25	110.25
346944	60	53.48	5	93	60	60	0	110.25	110.25
347100	62	53.21	5	93	60	62	0	110.25	110.25
347107	63	52.94	5	93	60	63	-1.67	110.25	110.25
347173	64	52.83	5	93	60	64	-2.5	104.62	104.62
347330	64	52.64	5	93	60	64	-3.33	103.25	103.25
347337	64	52.46	5	93	60	64	-3.33	102.75	102.75
347406	64	52.22	5	93	60	64	-3.33	102.25	102.25
347561	64	52.46	5	93	60	64	-3.33	101.75	101.75
347570	63	52.7	5	93	60	63	-3.33	101.25	101.25
347638	62	53	5	93	60	62	-2.5	101.75	101.75
347794	61	53.57	5	93	60	61	-1.67	101.75	101.75
347802	60	54.13	5	93	60	60	-0.83	101.75	101.75
347870	60	55.46	5	93	60	60	0	101.75	101.75
348025	59	56.58	5	93	60	59	0	101.75	101.75
348033	58	57.94	5	93	60	58	0.83	101.75	101.75
348099	58	58.53	5	93	60	58	1.67	101.75	101.75
348254	57	59.06	5	93	60	57	1.67	101.75	101.75
348261	56	59.35	5	93	60	56	2.5	107.37	107.37
348327	56	59.9	5	93	60	56	3.33	108.75	108.75
348482	56	60.09	5	93	60	56	3.33	109.25	109.25
348490	56	60.28	5	93	60	56	3.33	109.75	109.75
348556	57	59.85	5	93	60	57	3.33	110.25	110.25
348711	57	59.53	5	93	60	57	2.5	109.75	109.75
348720	58	59.21	5	93	60	58	2.5	110.12	110.12
348785	59	59.25	5	93	60	59	1.67	110.12	110.12
348940	61	58.89	5	93	60	61	0.83	110.12	110.12
348948	62	58.52	5	93	60	62	-0.83	110.12	110.12
349016	62	57.78	5	93	60	62	-1.67	110.12	110.12
349171	63	57.19	5	93	60	63	-1.67	110.12	110.12
349178	63	56.6	5	93	60	63	-2.5	104.5	104.5
349246	64	56.39	5	93	60	64	-2.5	104.12	104.12
349403	64	56.24	5	93	60	64	-3.33	102.75	102.75
349410	64	56.09	5	93	60	64	-3.33	102.25	102.25
349478	63	55.8	5	93	60	63	-3.33	101.75	101.75
349634	63	55.51	5	93	60	63	-2.5	102.25	102.25
349642	62	55.21	5	93	60	62	-2.5	101.87	101.87
349711	61	55.06	5	93	60	61	-1.67	101.87	101.87
349867	60	55.04	5	93	60	60	-0.83	101.87	101.87
349875	60	55.02	5	93	60	60	0	101.87	101.87
349942	59	55.27	5	93	60	59	0	101.87	101.87
350097	58	56.03	5	93	60	58	0.83	101.87	101.87
350105	58	56.79	5	93	60	58	1.67	101.87	101.87
350172	57	57.37	5	93	60	57	1.67	101.87	101.87
350326	57	57.81	5	93	60	57	2.5	107.5	107.5
350336	56	58.26	5	93	60	56	2.5	107.87	107.87
350401	56	58.84	5	93	60	56	3.33	109.25	109.25
350557	56	58.81	5	93	60	56	3.33	109.75	109.75
350565	57	58.78	5	93	60	57	3.33	110.25	110.25
350631	57	58.01	5	93	60	57	2.5	109.75	109.75
350786	58	57.48	5	93	60	58	2.5	110.12	110.12
350792	59	56.95	5	93	60	59	1.67	110.12	110.12
350859	60	56.94	5	93	60	60	0.83	110.12	110.12
351013	61	56.71	5	93	60	61	0	110.12	110.12
351022	61	56.47	5	93	60	61	-0.83	110.12	110.12
351089	61	55.98	5	93	60	61	-0.83	110.12	110.12
351245	62	55.63	5	93	60	62	-0.83	110.12	110.12
351252	63	55.28	5	93	60	63	-1.67	110.12	110.12
351320	63	55.18	5	93	60	63	-2.5	104.5	104.5
351476	64	55.21	5	93	60	64	-2.5	104.12	104.12
351483	64	55.24	5	93	60	64	-3.33	102.75	102.75
351551	64	55.23	5	93	60	64	-3.33	102.25	102.25
351708	64	55.29	5	93	60	64	-3.33	101.75	101.75
351714	63	55.67	5	93	60	63	-3.33	101.25	101.25
351782	62	56.09	5	93	60	62	-2.5	101.75	101.75
351938	62	56.89	5	93	60	62	-1.67	101.75	101.75
351945	61	57.36	5	93	60	61	-1.67	101.75	101.75
352014	60	58.46	5	93	60	60	-0.83	101.75	101.75
352169	59	59.18	5	93	60	59	0	101.75	101.75
352178	58	59.89	5	93	60	58	0.83	101.75	101.75
352243	58	60.39	5	93	60	58	1.67	101.75	101.75
352399	57	61.29	5	93	60	57	1.67	101.75	101.75
352406	57	62.19	5	93	60	57	2.5	107.37	107.37
352472	56	62.74	5	93	60	56	2.5	107.75	107.75
352627	56	62.37	5	93	60	56	3.33	109.12	109.12
352635	56	62	5	93	60	56	3.33	109.62	109.62
352701	57	60.94	5	93	60	57	3.33	110.12	110.12
352857	58	60.1	5	93	60	58	2.5	109.62	109.62
352863	58	59.25	5	93	60	58	1.67	109.62	109.62
352929	59	59.04	5	93	60	59	1.67	109.62	109.62
353084	60	58.53	5	93	60	60	0.83	109.62	109.62
353091	61	58.02	5	93	60	61	0	109.62	109.62
353157	62	57.05	5	93	60	62	-0.83	109.62	109.62
353313	63	56.25	5	93	60	63	-1.67	109.62	109.62
353320	64	55.2	5	93	60	64	-2.5	104	104
353388	64	54.61	5	93	60	64	-3.33	102.62	102.62
353545	64	54.22	5	93	60	64	-3.33	102.12	102.12
353552	64	54.09	5	93	60	64	-3.33	101.62	101.62
353620	63	53.81	5	93	60	63	-3.33	101.12	101.12
353776	63	53.72	5	93	60	63	-2.5	101.62	101.62
353784	62	53.62	5	93	60	62	-2.5	101.25	101.25
353852	60	53.89	5	93	60	60	-1.67	101.25	101.25
354008	60	54.34	5	93	60	60	0	101.25	101.25
354016	59	54.79	5	93	60	59	0	101.25	101.25
354081	58	54.78	5	93	60	58	0.83	101.25	101.25
354237	58	54.65	5	93	60	58	1.67	101.25	101.25
354244	57	54.52	5	93	60	57	1.67	101.25	101.25
354311	57	54.88	5	93	60	57	2.5	106.87	106.87
354465	57	55.15	5	93	60	57	2.5	107.25	107.25
354473	57	55.42	5	93	60	57	2.5	107.62	107.62
354539	57	55.45	5	93	60	57	2.5	108	108
354694	57	55.17	5	93	60	57	2.5	108.37	108.37
354703	58	54.89	5	93	60	58	2.5	108.75	108.75
354768	58	54.46	5	93	60	58	1.67	108.75	108.75
354923	59	54.23	5	93	60	59	1.67	108.75	108.75
354930	60	54	5	93	60	60	0.83	108.75	108.75
354996	61	53.92	5	93	60	61	0	108.75	108.75
355151	61	53.69	5	93	60	61	-0.83	108.75	108.75
355158	61	53.46	5	93	60	61	-0.83	108.75	108.75
355226	61	53.2	5	93	60	61	-0.83	108.75	108.75
355382	62	53.25	5	93	60	62	-0.83	108.75	108.75
355390	62	53.3	5	93	60	62	-1.67	108.75	108.75
355459	63	53.49	5	93	60	63			
