233270	0	4180	1.776	10	42
233339	0.069	4116	1.777	10	42
233406	0.136	3733	1.778	10	42
233474	0.204	4085	1.778	10	42
233541	0.271	3770	1.78	10	42
233610	0.34	4103	1.782	10	42
233678	0.408	4213	1.782	10	42
233745	0.475	3931	1.783	10	42
233813	0.543	4107	1.783	10	42
233881	0.611	3895	1.783	10	42
233948	0.678	3919	1.783	10	42
234016	0.746	3989	1.782	10	42
234084	0.814	3915	1.781	10	42
234152	0.882	4266	1.781	10	42
234220	0.95	3915	1.78	10	42
234289	1.019	4125	1.778	10	42
234356	1.086	3733	1.776	10	42
234424	1.154	4032	1.776	10	42
234492	1.222	3919	1.773	10	42
234560	1.29	4112	1.769	10	42
234628	1.358	3863	1.769	10	42
234694	1.424	3789	1.766	10	42
234763	1.493	3719	1.764	10	42
234831	1.561	4019	1.763	10	42
234898	1.628	4194	1.763	10	42
234966	1.696	3847	1.763	10	42
235034	1.764	3977	1.763	10	42
235102	1.832	3935	1.763	10	42
235169	1.899	3939	1.762	10	42
235237	1.967	3927	1.763	10	42
235306	2.036	3943	1.764	10	42
235373	2.103	4011	1.764	10	42
235441	2.171	3882	1.766	10	42
235508	2.238	3968	1.768	10	42
235577	2.307	4054	1.768	10	42
235644	2.374	3943	1.769	10	42
235712	2.442	3820	1.77	10	42
235780	2.51	3956	1.77	10	42
235848	2.578	3939	1.77	10	42
235915	2.645	3701	1.769	10	42
235984	2.714	3977	1.768	10	42
236051	2.781	3927	1.768	10	42
236119	2.849	3755	1.767	10	42
236186	2.916	3956	1.766	10	42
236255	2.985	4036	1.764	10	42
236323	3.053	3855	1.764	10	42
236390	3.12	3939	1.762	10	42
236459	3.189	3972	1.76	10	42
236526	3.256	3939	1.76	10	42
236594	3.324	3778	1.758	10	42
236662	3.392	3943	1.756	10	42
236730	3.46	3956	1.755	10	42
236799	3.529	3968	1.755	10	42
236866	3.596	3726	1.753	10	42
236934	3.664	4063	1.752	10	42
237001	3.731	3960	1.752	10	42
237069	3.799	3770	1.752	10	42
237138	3.868	4218	1.751	10	42
237205	3.935	3956	1.751	10	42
237274	4.004	3994	1.751	10	42
237341	4.071	4171	1.75	10	42
237409	4.139	3763	1.75	11	42
237478	4.208	4103	1.75	15	42
237545	4.275	3972	1.75	17	42
237613	4.343	3898	1.752	18	42
237680	4.41	3672	1.782	18	42
237750	4.48	3935	1.782	18	42
237819	4.549	3562	1.865	18	42
237886	4.616	3481	1.964	18	42
237954	4.684	3589	2.048	18	42
238023	4.753	3637	2.048	18	42
238091	4.821	3683	2.125	18	42
238160	4.89	3542	2.205	18	42
238228	4.958	3177	2.205	18	42
238297	5.027	3572	2.286	18	42
238364	5.094	3416	2.365	18	42
238432	5.162	3268	2.45	18	42
238501	5.231	3425	2.45	18	42
238568	5.298	3481	2.53	18	42
238637	5.367	3683	2.58	18	42
238704	5.434	3733	2.58	18	42
238773	5.503	3513	2.578	18	42
238843	5.573	3497	2.556	18	42
238910	5.64	3459	2.548	18	42
238979	5.709	3487	2.548	18	42
239047	5.777	3401	2.546	18	42
239116	5.846	3339	2.543	18	42
239185	5.915	3513	2.539	18	42
239253	5.983	3319	2.539	18	42
239322	6.052	3153	2.537	18	42
239390	6.12	3582	2.531	18	42
239459	6.189	3313	2.531	18	42
239528	6.258	3327	2.529	18	42
239596	6.326	3536	2.527	18	42
239665	6.395	3491	2.528	18	42
239733	6.463	3956	2.528	18	42
239802	6.532	3494	2.538	18	42
239872	6.602	3440	2.55	18	42
239940	6.67	3348	2.563	18	42
240009	6.739	3251	2.563	18	42
240078	6.808	3362	2.575	18	42
240146	6.876	3481	2.587	18	42
240215	6.945	3465	2.587	18	42
240283	7.013	3413	2.598	18	42
240351	7.081	3009	2.608	18	42
240420	7.15	3672	2.616	18	42
240488	7.218	3336	2.616	18	42
240557	7.287	3690	2.623	18	42
240626	7.356	3697	2.628	18	42
240695	7.425	3450	2.627	18	42
240764	7.494	3169	2.627	18	42
240833	7.563	2975	2.624	18	42
240902	7.632	3310	2.621	18	42
240971	7.701	3428	2.621	18	42
241039	7.769	3232	2.618	18	42
241109	7.839	3316	2.615	18	42
241177	7.907	3516	2.613	18	42
241247	7.977	3115	2.613	18	42
241316	8.046	3526	2.611	18	42
241383	8.113	3401	2.609	18	42
241452	8.182	3459	2.609	18	42
241521	8.251	3380	2.609	18	42
241589	8.319	3510	2.609	18	42
241657	8.387	3500	2.609	18	42
241726	8.456	3365	2.609	18	42
241794	8.524	3316	2.61	18	42
241861	8.591	2878	2.611	18	42
241931	8.661	3356	2.613	18	42
242000	8.73	3330	2.613	18	42
242068	8.798	3481	2.614	18	42
242136	8.866	3288	2.615	18	42
242204	8.934	3123	2.615	18	42
242273	9.003	3365	2.616	18	42
242343	9.073	3299	2.616	18	42
242411	9.141	3138	2.617	18	42
242481	9.211	3440	2.617	18	42
242549	9.279	3419	2.618	18	42
242618	9.348	3481	2.618	18	42
242688	9.418	3260	2.619	18	42
242757	9.487	3592	2.619	18	42
242826	9.556	3640	2.62	18	42
242895	9.625	3380	2.62	18	42
242964	9.694	3319	2.62	18	42
243033	9.763	3478	2.621	18	42
243101	9.831	3182	2.623	18	42
243171	9.901	3333	2.624	18	42
243240	9.97	3437	2.624	18	42
243308	10.038	3296	2.625	18	42
243378	10.108	3169	2.627	18	42
243448	10.178	3184	2.637	18	42
243516	10.246	3484	2.637	18	42
243585	10.315	3665	2.655	18	42
243652	10.382	3120	2.671		
