millis	seg	RPM	empuje	ángulo	potencia
293679	0	1955	115	117	102
293736	0.057	1932	115	117	102
293794	0.115	1852	115	117	102
293853	0.174	2112	115	117	102
293909	0.23	2079	116	117	102
293967	0.288	2077	115	117	102
294025	0.346	1947	115	117	102
294082	0.403	1816	115	117	102
294140	0.461	2010	115	117	102
294197	0.518	1938	115	117	102
294255	0.576	1818	115	117	102
294313	0.634	2184	115	117	102
294370	0.691	2094	115	117	102
294427	0.748	2415	115	117	102
294484	0.805	2016	115	117	102
294542	0.863	1776	115	117	102
294599	0.92	1955	115	117	102
294657	0.978	1943	115	117	102
294715	1.036	1958	115	117	102
294772	1.093	2059	115	117	102
294830	1.151	2840	115	117	102
294887	1.208	2005	115	117	102
294944	1.265	2203	115	117	102
295003	1.324	1877	115	117	102
295060	1.381	2230	115	117	102
295117	1.438	1922	115	117	102
295176	1.497	2234	115	117	102
295232	1.553	2758	115	117	102
295290	1.611	2020	115	117	102
295348	1.669	1948	115	117	102
295406	1.727	2477	115	117	102
295463	1.784	1951	115	117	102
295522	1.843	2064	115	117	102
295579	1.9	1839	115	117	102
295638	1.959	1789	115	117	102
295695	2.016	2180	114	117	102
295752	2.073	2042	114	117	102
295810	2.131	1825	114	117	102
295867	2.188	2079	114	117	102
295924	2.245	1690	114	117	102
295982	2.303	1738	114	117	102
296039	2.36	1729	114	117	102
296097	2.418	1872	114	117	102
296155	2.476	1804	114	117	102
296212	2.533	2427	114	117	102
296269	2.59	1956	114	117	102
296327	2.648	2151	114	117	102
296384	2.705	2069	114	117	102
296442	2.763	1771	114	117	102
296501	2.822	1843	114	117	103
296558	2.879	1944	113	117	109
296616	2.937	1753	113	117	115
296676	2.997	2120	113	117	117
296735	3.056	2578	113	117	118
296793	3.114	2913	113	117	118
296848	3.169	2671	114	117	118
296905	3.226	2963	116	117	117
296963	3.284	2819	116	117	118
297021	3.342	2981	120	117	117
297078	3.399	2876	120	117	118
297136	3.457	3141	125	117	117
297193	3.514	2842	131	117	118
297249	3.57	3080	131	117	117
297307	3.628	3326	138	117	118
297364	3.685	2819	138	117	118
297421	3.742	2981	144	117	118
297479	3.8	2867	151	117	118
297535	3.856	2852	151	117	118
297591	3.912	2933	157	117	118
297648	3.969	3083	157	117	118
297704	4.025	3088	164	117	117
297761	4.082	2867	170	117	118
297818	4.139	2867	170	117	118
297874	4.195	3154	175	117	118
297931	4.252	3078	175	117	118
297988	4.309	3095	178	117	118
298044	4.365	3186	179	117	118
298102	4.423	3134	179	117	117
298158	4.479	2660	180	117	118
298214	4.535	3181	180	117	118
298270	4.591	3152	181	117	118
298327	4.648	2981	182	117	118
298385	4.706	3029	182	117	118
298441	4.762	2835	182	117	118
298498	4.819	2984	182	117	117
298555	4.876	3053	183	117	118
298611	4.932	3269	184	117	118
298668	4.989	3108	184	117	118
298724	5.045	2963	184	117	117
298781	5.102	3010	184	117	118
298836	5.157	2991	185	117	118
298895	5.216	2887	185	117	118
298951	5.272	2954	185	117	118
299008	5.329	3005	185	117	118
299065	5.386	3186	185	117	118
299121	5.442	2815	185	117	117
299177	5.498	2869	186	117	118
299234	5.555	2974	186	117	118
299290	5.611	3056	186	117	118
299347	5.668	2838	186	117	118
299404	5.725	2942	186	117	117
299461	5.782	2963	186	117	118
299518	5.839	3068	186	117	118
299574	5.895	3118	186	117	118
299632	5.953	3029	186	117	118
299687	6.008	3012	186	117	118
299745	6.066	3309	186	117	118
299801	6.122	3128	186	117	117
299857	6.178	2734	186	117	117
299915	6.236	2869	186	117	117
299971	6.292	2929	186	117	118
300029	6.35	3147	186	117	118
300087	6.408	3068	186	117	118
300143	6.464	3078	186	117	118
300200	6.521	3080	186	117	118
300256	6.577	2970	186	117	118
300314	6.635	3041	186	117	118
300370	6.691	2974	186	117	118
300426	6.747	3000	186	117	118
300483	6.804	2889	186	117	117
300539	6.86	3113	186	117	118
300597	6.918	3181	187	117	118
300653	6.974	3031	187	117	118
300709	7.03	2979	187	117	118
300768	7.089	2770	187	117	118
300824	7.145	2615	187	117	117
300880	7.201	2963	187	117	118
300938	7.259	2979	187	117	118
300994	7.315	3128	187	117	117
301051	7.372	3113	187	117	118
301108	7.429	2823	187	117	117
301165	7.486	2936	187	117	118
301222	7.543	2724	187	117	118
301280	7.601	2927	187	117	118
301337	7.658	3162	187	117	118
301393	7.714	3294	187	117	117
301451	7.772	2800			
